       x [mm]         y [mm]         z [mm]  BxRe [Vs/m^2]  ByRe [Vs/m^2]  BzRe [Vs/m^2]  BxIm [Vs/m^2]  ByIm [Vs/m^2]  BzIm [Vs/m^2]
------------------------------------------------------------------------------------------------------------------------------------------
         -400           -150           -100    -0.00504615     0.00649542    -0.00443561              0              0              0
         -396           -150           -100    -0.00519434      0.0065721    -0.00450261              0              0              0
         -392           -150           -100    -0.00534301     0.00665014    -0.00457134              0              0              0
         -388           -150           -100    -0.00549168     0.00672817    -0.00464007              0              0              0
         -384           -150           -100    -0.00564034     0.00680621     -0.0047088              0              0              0
         -380           -150           -100     -0.0057901     0.00688899    -0.00478422              0              0              0
         -376           -150           -100     -0.0059404     0.00697411    -0.00486293              0              0              0
         -372           -150           -100     -0.0060907     0.00705923    -0.00494164              0              0              0
         -368           -150           -100      -0.006241     0.00714434    -0.00502035              0              0              0
         -364           -150           -100    -0.00639149     0.00723276    -0.00510421              0              0              0
         -360           -150           -100    -0.00654218     0.00732458    -0.00519339              0              0              0
         -356           -150           -100    -0.00669286     0.00741641    -0.00528258              0              0              0
         -352           -150           -100    -0.00684355     0.00750824    -0.00537177              0              0              0
         -348           -150           -100    -0.00699394     0.00760163    -0.00546367              0              0              0
         -344           -150           -100    -0.00714366     0.00769849    -0.00556153              0              0              0
         -340           -150           -100    -0.00729339     0.00779534     -0.0056594              0              0              0
         -336           -150           -100    -0.00744156     0.00789591    -0.00576473              0              0              0
         -332           -150           -100     -0.0075894     0.00799726    -0.00587165              0              0              0
         -328           -150           -100    -0.00773725     0.00809862    -0.00597857              0              0              0
         -324           -150           -100    -0.00788509     0.00819998    -0.00608549              0              0              0
         -320           -150           -100     -0.0080299      0.0083046    -0.00620005              0              0              0
         -316           -150           -100     -0.0081731     0.00841096    -0.00631867              0              0              0
         -312           -150           -100     -0.0083163     0.00851731    -0.00643728              0              0              0
         -308           -150           -100     -0.0084595     0.00862367    -0.00655589              0              0              0
         -304           -150           -100     -0.0085991     0.00873198    -0.00668032              0              0              0
         -300           -150           -100    -0.00873484     0.00884238    -0.00681097              0              0              0
         -296           -150           -100    -0.00887057     0.00895279    -0.00694163              0              0              0
         -292           -150           -100    -0.00900631      0.0090632    -0.00707228              0              0              0
         -288           -150           -100    -0.00914006     0.00917424    -0.00720517              0              0              0
         -284           -150           -100    -0.00926811     0.00928697    -0.00734439              0              0              0
         -280           -150           -100     -0.0093934     0.00940029    -0.00748641              0              0              0
         -276           -150           -100     -0.0095156     0.00951416    -0.00763134              0              0              0
         -272           -150           -100     -0.0096345     0.00962849    -0.00777918              0              0              0
         -268           -150           -100    -0.00974984     0.00974323    -0.00792991              0              0              0
         -264           -150           -100    -0.00986116      0.0098583    -0.00808368              0              0              0
         -260           -150           -100    -0.00996834     0.00997362    -0.00824036              0              0              0
         -256           -150           -100     -0.0100711      0.0100891    -0.00839989              0              0              0
         -252           -150           -100     -0.0101695      0.0102047    -0.00856212              0              0              0
         -248           -150           -100     -0.0102629      0.0103202    -0.00872713              0              0              0
         -244           -150           -100     -0.0103512      0.0104357    -0.00889485              0              0              0
         -240           -150           -100      -0.010434       0.010551    -0.00906524              0              0              0
         -236           -150           -100     -0.0105111      0.0106661    -0.00923824              0              0              0
         -232           -150           -100     -0.0105821      0.0107809    -0.00941376              0              0              0
         -228           -150           -100     -0.0106468      0.0108953    -0.00959173              0              0              0
         -224           -150           -100     -0.0107048      0.0110091    -0.00977206              0              0              0
         -220           -150           -100     -0.0107559      0.0111224    -0.00995465              0              0              0
         -216           -150           -100     -0.0107998      0.0112351     -0.0101394              0              0              0
         -212           -150           -100     -0.0108361       0.011347     -0.0103262              0              0              0
         -208           -150           -100     -0.0108646      0.0114581     -0.0105148              0              0              0
         -204           -150           -100     -0.0108849      0.0115683     -0.0107053              0              0              0
         -200           -150           -100     -0.0108966      0.0116775     -0.0108973              0              0              0
         -196           -150           -100     -0.0108994      0.0117857     -0.0110908              0              0              0
         -192           -150           -100     -0.0108936      0.0118927     -0.0112855              0              0              0
         -188           -150           -100     -0.0108786      0.0119986     -0.0114813              0              0              0
         -184           -150           -100     -0.0108541      0.0121032      -0.011678              0              0              0
         -180           -150           -100     -0.0108199      0.0122065     -0.0118753              0              0              0
         -176           -150           -100      -0.010776      0.0123084      -0.012073              0              0              0
         -172           -150           -100      -0.010722      0.0124088     -0.0122709              0              0              0
         -168           -150           -100     -0.0106578      0.0125077     -0.0124688              0              0              0
         -164           -150           -100     -0.0105832      0.0126051     -0.0126665              0              0              0
         -160           -150           -100     -0.0104987      0.0127009     -0.0128636              0              0              0
         -156           -150           -100     -0.0104033       0.012795       -0.01306              0              0              0
         -152           -150           -100     -0.0102969      0.0128873     -0.0132553              0              0              0
         -148           -150           -100     -0.0101792      0.0129778     -0.0134492              0              0              0
         -144           -150           -100     -0.0100515      0.0130665     -0.0136415              0              0              0
         -140           -150           -100    -0.00991274      0.0131534     -0.0138319              0              0              0
         -136           -150           -100    -0.00976263      0.0132382       -0.01402              0              0              0
         -132           -150           -100    -0.00960274      0.0133213     -0.0142059              0              0              0
         -128           -150           -100    -0.00943174      0.0134022     -0.0143889              0              0              0
         -124           -150           -100    -0.00924989      0.0134811     -0.0145688              0              0              0
         -120           -150           -100     -0.0090578      0.0135579     -0.0147453              0              0              0
         -116           -150           -100    -0.00885564      0.0136327     -0.0149183              0              0              0
         -112           -150           -100    -0.00864478      0.0137056      -0.015088              0              0              0
         -108           -150           -100    -0.00842328      0.0137761     -0.0152533              0              0              0
         -104           -150           -100     -0.0081919      0.0138444     -0.0154141              0              0              0
         -100           -150           -100    -0.00795141      0.0139104     -0.0155703              0              0              0
          -96           -150           -100     -0.0077021      0.0139742     -0.0157218              0              0              0
          -92           -150           -100    -0.00744428      0.0140358     -0.0158683              0              0              0
          -88           -150           -100    -0.00717838       0.014095     -0.0160098              0              0              0
          -84           -150           -100    -0.00690462       0.014152     -0.0161459              0              0              0
          -80           -150           -100    -0.00662346      0.0142066     -0.0162766              0              0              0
          -76           -150           -100    -0.00633525      0.0142588     -0.0164017              0              0              0
          -72           -150           -100    -0.00603996      0.0143086     -0.0165208              0              0              0
          -68           -150           -100     -0.0057382      0.0143558     -0.0166339              0              0              0
          -64           -150           -100    -0.00543042      0.0144005      -0.016741              0              0              0
          -60           -150           -100    -0.00511703      0.0144427     -0.0168418              0              0              0
          -56           -150           -100    -0.00479842      0.0144824     -0.0169365              0              0              0
          -52           -150           -100    -0.00447511      0.0145195      -0.017025              0              0              0
          -48           -150           -100    -0.00414708      0.0145538     -0.0171067              0              0              0
          -44           -150           -100    -0.00381513      0.0145856     -0.0171822              0              0              0
          -40           -150           -100    -0.00347971      0.0146149     -0.0172518              0              0              0
          -36           -150           -100    -0.00314056      0.0146413      -0.017314              0              0              0
          -32           -150           -100    -0.00279851      0.0146649     -0.0173699              0              0              0
          -28           -150           -100    -0.00245379      0.0146857      -0.017419              0              0              0
          -24           -150           -100    -0.00210693       0.014704      -0.017462              0              0              0
          -20           -150           -100    -0.00175813      0.0147195     -0.0174984              0              0              0
          -16           -150           -100    -0.00140773      0.0147322     -0.0175282              0              0              0
          -12           -150           -100    -0.00105603      0.0147421     -0.0175515              0              0              0
           -8           -150           -100    -0.00070337      0.0147493     -0.0175682              0              0              0
           -4           -150           -100   -0.000350048      0.0147533     -0.0175777              0              0              0
            0           -150           -100    3.56251e-06      0.0147545     -0.0175805              0              0              0
            4           -150           -100     0.00035724      0.0147531     -0.0175771              0              0              0
            8           -150           -100    0.000710564      0.0147492     -0.0175679              0              0              0
           12           -150           -100     0.00106318       0.014742      -0.017551              0              0              0
           16           -150           -100     0.00141482       0.014732     -0.0175275              0              0              0
           20           -150           -100     0.00176516      0.0147192     -0.0174975              0              0              0
           24           -150           -100     0.00211387      0.0147036     -0.0174609              0              0              0
           28           -150           -100     0.00246062      0.0146853     -0.0174178              0              0              0
           32           -150           -100     0.00280523      0.0146644     -0.0173685              0              0              0
           36           -150           -100     0.00314715      0.0146407     -0.0173125              0              0              0
           40           -150           -100     0.00348616      0.0146143     -0.0172501              0              0              0
           44           -150           -100     0.00382143       0.014585     -0.0171804              0              0              0
           48           -150           -100     0.00415321      0.0145531     -0.0171048              0              0              0
           52           -150           -100     0.00448106      0.0145187     -0.0170229              0              0              0
           56           -150           -100     0.00480419      0.0144815     -0.0169343              0              0              0
           60           -150           -100     0.00512261      0.0144418     -0.0168395              0              0              0
           64           -150           -100     0.00543579      0.0143996     -0.0167385              0              0              0
           68           -150           -100     0.00574336      0.0143548     -0.0166314              0              0              0
           72           -150           -100     0.00604492      0.0143075     -0.0165182              0              0              0
           76           -150           -100     0.00633999      0.0142577      -0.016399              0              0              0
           80           -150           -100     0.00662797      0.0142054     -0.0162738              0              0              0
           84           -150           -100     0.00690891      0.0141508      -0.016143              0              0              0
           88           -150           -100     0.00718244      0.0140938     -0.0160068              0              0              0
           92           -150           -100     0.00744811      0.0140344     -0.0158653              0              0              0
           96           -150           -100     0.00770569      0.0139728     -0.0157187              0              0              0
          100           -150           -100     0.00795477       0.013909     -0.0155672              0              0              0
          104           -150           -100     0.00819503      0.0138429     -0.0154109              0              0              0
          108           -150           -100     0.00842618      0.0137746     -0.0152501              0              0              0
          112           -150           -100     0.00864745       0.013704     -0.0150848              0              0              0
          116           -150           -100     0.00885809      0.0136311     -0.0149151              0              0              0
          120           -150           -100     0.00906002      0.0135563      -0.014742              0              0              0
          124           -150           -100      0.0092519      0.0134794     -0.0145655              0              0              0
          128           -150           -100     0.00943353      0.0134005     -0.0143856              0              0              0
          132           -150           -100     0.00960433      0.0133195     -0.0142026              0              0              0
          136           -150           -100     0.00976401      0.0132364     -0.0140167              0              0              0
          140           -150           -100     0.00991392      0.0131516     -0.0138286              0              0              0
          144           -150           -100      0.0100525      0.0130647     -0.0136382              0              0              0
          148           -150           -100        0.01018      0.0129759     -0.0134459              0              0              0
          152           -150           -100      0.0102975      0.0128854      -0.013252              0              0              0
          156           -150           -100      0.0104037      0.0127931     -0.0130568              0              0              0
          160           -150           -100       0.010499      0.0126989     -0.0128604              0              0              0
          164           -150           -100      0.0105834      0.0126031     -0.0126633              0              0              0
          168           -150           -100      0.0106578      0.0125057     -0.0124657              0              0              0
          172           -150           -100      0.0107219      0.0124068     -0.0122678              0              0              0
          176           -150           -100      0.0107757      0.0123063     -0.0120699              0              0              0
          180           -150           -100      0.0108194      0.0122044     -0.0118722              0              0              0
          184           -150           -100      0.0108535      0.0121011      -0.011675              0              0              0
          188           -150           -100      0.0108778      0.0119965     -0.0114784              0              0              0
          192           -150           -100      0.0108928      0.0118906     -0.0112827              0              0              0
          196           -150           -100      0.0108985      0.0117836      -0.011088              0              0              0
          200           -150           -100      0.0108955      0.0116754     -0.0108945              0              0              0
          204           -150           -100      0.0108837      0.0115662     -0.0107025              0              0              0
          208           -150           -100      0.0108634       0.011456     -0.0105121              0              0              0
          212           -150           -100      0.0108348      0.0113449     -0.0103235              0              0              0
          216           -150           -100      0.0107984      0.0112329     -0.0101368              0              0              0
          220           -150           -100      0.0107545      0.0111203     -0.0099521              0              0              0
          224           -150           -100      0.0107033       0.011007    -0.00976956              0              0              0
          228           -150           -100      0.0106452      0.0108931    -0.00958928              0              0              0
          232           -150           -100      0.0105805      0.0107788    -0.00941136              0              0              0
          236           -150           -100      0.0105094       0.010664    -0.00923589              0              0              0
          240           -150           -100      0.0104323      0.0105489    -0.00906294              0              0              0
          244           -150           -100      0.0103494      0.0104336     -0.0088926              0              0              0
          248           -150           -100      0.0102611      0.0103181    -0.00872492              0              0              0
          252           -150           -100      0.0101677      0.0102026    -0.00855997              0              0              0
          256           -150           -100      0.0100693       0.010087    -0.00839778              0              0              0
          260           -150           -100     0.00996648     0.00997154     -0.0082383              0              0              0
          264           -150           -100     0.00985928     0.00985624    -0.00808167              0              0              0
          268           -150           -100     0.00974795     0.00974117    -0.00792794              0              0              0
          272           -150           -100     0.00963259     0.00962645    -0.00777725              0              0              0
          276           -150           -100     0.00951369     0.00951213    -0.00762946              0              0              0
          280           -150           -100     0.00939148     0.00939828    -0.00748457              0              0              0
          284           -150           -100     0.00926619     0.00928497     -0.0073426              0              0              0
          288           -150           -100     0.00913815     0.00917225    -0.00720342              0              0              0
          292           -150           -100     0.00900441     0.00906123    -0.00707057              0              0              0
          296           -150           -100     0.00886868     0.00895084    -0.00693995              0              0              0
          300           -150           -100     0.00873295     0.00884045    -0.00680934              0              0              0
          304           -150           -100     0.00859722     0.00873006    -0.00667873              0              0              0
          308           -150           -100     0.00845764     0.00862177    -0.00655434              0              0              0
          312           -150           -100     0.00831446     0.00851543    -0.00643576              0              0              0
          316           -150           -100     0.00817128     0.00840909    -0.00631718              0              0              0
          320           -150           -100      0.0080281     0.00830276     -0.0061986              0              0              0
          324           -150           -100     0.00788332     0.00819815    -0.00608407              0              0              0
          328           -150           -100      0.0077355     0.00809682    -0.00597718              0              0              0
          332           -150           -100     0.00758768     0.00799548     -0.0058703              0              0              0
          336           -150           -100     0.00743986     0.00789414    -0.00576341              0              0              0
          340           -150           -100     0.00729171     0.00779359    -0.00565811              0              0              0
          344           -150           -100     0.00714202     0.00769676    -0.00556027              0              0              0
          348           -150           -100     0.00699232     0.00759992    -0.00546243              0              0              0
          352           -150           -100     0.00684197     0.00750654    -0.00537056              0              0              0
          356           -150           -100     0.00669131     0.00741474     -0.0052814              0              0              0
          360           -150           -100     0.00654066     0.00732293    -0.00519224              0              0              0
          364           -150           -100        0.00639     0.00723112    -0.00510308              0              0              0
          368           -150           -100     0.00623954     0.00714273    -0.00501925              0              0              0
          372           -150           -100     0.00608928     0.00705763    -0.00494056              0              0              0
          376           -150           -100     0.00593902     0.00697253    -0.00486187              0              0              0
          380           -150           -100     0.00578875     0.00688743    -0.00478318              0              0              0
          384           -150           -100     0.00563903     0.00680466    -0.00470778              0              0              0
          388           -150           -100      0.0054904     0.00672665    -0.00463907              0              0              0
          392           -150           -100     0.00534177     0.00664863    -0.00457036              0              0              0
          396           -150           -100     0.00519314     0.00657061    -0.00450165              0              0              0
          400           -150           -100     0.00504498     0.00649394    -0.00443466              0              0              0
         -400           -146           -100     -0.0049699     0.00679412    -0.00436471              0              0              0
         -396           -146           -100    -0.00511628     0.00687504    -0.00443083              0              0              0
         -392           -146           -100    -0.00526315     0.00695742    -0.00449867              0              0              0
         -388           -146           -100    -0.00541001     0.00703979     -0.0045665              0              0              0
         -384           -146           -100    -0.00555688     0.00712216    -0.00463434              0              0              0
         -380           -146           -100    -0.00570488     0.00720966     -0.0047088              0              0              0
         -376           -146           -100    -0.00585345     0.00729969    -0.00478653              0              0              0
         -372           -146           -100    -0.00600202     0.00738973    -0.00486426              0              0              0
         -368           -146           -100    -0.00615059     0.00747976    -0.00494199              0              0              0
         -364           -146           -100     -0.0062994     0.00757337    -0.00502483              0              0              0

#
# FILE TRUNCATED
#
# Included in repository to show CST's ASCII output format.
# Original file size = 295 MB
#
