       x [mm]         y [mm]         z [mm]  BxRe [Vs/m^2]  ByRe [Vs/m^2]  BzRe [Vs/m^2]  BxIm [Vs/m^2]  ByIm [Vs/m^2]  BzIm [Vs/m^2]
------------------------------------------------------------------------------------------------------------------------------------------
         -200           -150           -100     -0.0015787     0.00196057    -0.00154018              0              0              0
         -196           -150           -100    -0.00161992     0.00197172    -0.00155256              0              0              0
         -192           -150           -100    -0.00166115     0.00198287    -0.00156493              0              0              0
         -188           -150           -100    -0.00170238     0.00199403    -0.00157731              0              0              0
         -184           -150           -100    -0.00174361     0.00200518    -0.00158968              0              0              0
         -180           -150           -100    -0.00178339     0.00202603      -0.001615              0              0              0
         -176           -150           -100    -0.00182291     0.00204867    -0.00164272              0              0              0
         -172           -150           -100    -0.00186242     0.00207131    -0.00167045              0              0              0
         -168           -150           -100    -0.00190194     0.00209396    -0.00169817              0              0              0
         -164           -150           -100    -0.00194145      0.0021166    -0.00172589              0              0              0
         -160           -150           -100    -0.00198003     0.00213933    -0.00175471              0              0              0
         -156           -150           -100    -0.00201451     0.00216242    -0.00178833              0              0              0
         -152           -150           -100      -0.002049      0.0021855    -0.00182194              0              0              0
         -148           -150           -100    -0.00208348     0.00220859    -0.00185555              0              0              0
         -144           -150           -100    -0.00211796     0.00223167    -0.00188917              0              0              0
         -140           -150           -100    -0.00215245     0.00225476    -0.00192278              0              0              0
         -136           -150           -100     -0.0021823     0.00227779    -0.00195935              0              0              0
         -132           -150           -100    -0.00220803     0.00230078    -0.00199855              0              0              0
         -128           -150           -100    -0.00223377     0.00232377    -0.00203774              0              0              0
         -124           -150           -100     -0.0022595     0.00234676    -0.00207693              0              0              0
         -120           -150           -100    -0.00228523     0.00236974    -0.00211612              0              0              0
         -116           -150           -100    -0.00231097     0.00239273    -0.00215532              0              0              0
         -112           -150           -100    -0.00232556     0.00241507    -0.00219867              0              0              0
         -108           -150           -100    -0.00233852     0.00243731    -0.00224262              0              0              0
         -104           -150           -100    -0.00235149     0.00245955    -0.00228657              0              0              0
         -100           -150           -100    -0.00236446      0.0024818    -0.00233052              0              0              0
          -96           -150           -100    -0.00237743     0.00250404    -0.00237448              0              0              0
          -92           -150           -100    -0.00238677     0.00252598    -0.00241913              0              0              0
          -88           -150           -100      -0.002383      0.0025468    -0.00246632              0              0              0
          -84           -150           -100    -0.00237923     0.00256762    -0.00251352              0              0              0
          -80           -150           -100    -0.00237545     0.00258844    -0.00256071              0              0              0
          -76           -150           -100    -0.00237168     0.00260926    -0.00260791              0              0              0
          -72           -150           -100     -0.0023679     0.00263009     -0.0026551              0              0              0
          -68           -150           -100    -0.00235313      0.0026498    -0.00270282              0              0              0
          -64           -150           -100     -0.0023297     0.00266864    -0.00275095              0              0              0
          -60           -150           -100    -0.00230627     0.00268749    -0.00279908              0              0              0
          -56           -150           -100    -0.00228283     0.00270633    -0.00284721              0              0              0
          -52           -150           -100     -0.0022594     0.00272517    -0.00289534              0              0              0
          -48           -150           -100    -0.00223357     0.00274375    -0.00294331              0              0              0
          -44           -150           -100    -0.00219277     0.00276066    -0.00299024              0              0              0
          -40           -150           -100    -0.00215198     0.00277758    -0.00303717              0              0              0
          -36           -150           -100    -0.00211118     0.00279449     -0.0030841              0              0              0
          -32           -150           -100    -0.00206221     0.00281039    -0.00312943              0              0              0
          -28           -150           -100    -0.00200762     0.00282559    -0.00317365              0              0              0
          -24           -150           -100    -0.00195302      0.0028408    -0.00321788              0              0              0
          -20           -150           -100    -0.00189782     0.00285592    -0.00326191              0              0              0
          -16           -150           -100       -0.00183     0.00286929    -0.00330198              0              0              0
          -12           -150           -100    -0.00176218     0.00288267    -0.00334205              0              0              0
           -8           -150           -100    -0.00169436     0.00289605    -0.00338212              0              0              0
           -4           -150           -100    -0.00162248     0.00290879    -0.00342046              0              0              0
            0           -150           -100    -0.00154543      0.0029207    -0.00345649              0              0              0
            4           -150           -100    -0.00146506     0.00293205    -0.00349076              0              0              0
            8           -150           -100    -0.00138208     0.00294292    -0.00352345              0              0              0
           12           -150           -100    -0.00129579     0.00295315    -0.00355397              0              0              0
           16           -150           -100    -0.00120679      0.0029628    -0.00358248              0              0              0
           20           -150           -100    -0.00111542     0.00297192    -0.00360902              0              0              0
           24           -150           -100    -0.00102167     0.00298045    -0.00363337              0              0              0
           28           -150           -100   -0.000925705     0.00298838    -0.00365538              0              0              0
           32           -150           -100   -0.000827899     0.00299573    -0.00367518              0              0              0
           36           -150           -100   -0.000728472     0.00300251    -0.00369273              0              0              0
           40           -150           -100   -0.000627602     0.00300871    -0.00370795              0              0              0
           44           -150           -100   -0.000525375     0.00301424    -0.00372047              0              0              0
           48           -150           -100   -0.000422235      0.0030192    -0.00373072              0              0              0
           52           -150           -100   -0.000318371     0.00302356    -0.00373858              0              0              0
           56           -150           -100   -0.000213939     0.00302726     -0.0037438              0              0              0
           60           -150           -100   -0.000109237     0.00303032    -0.00374647              0              0              0
           64           -150           -100   -4.51287e-06     0.00303276    -0.00374671              0              0              0
           68           -150           -100    0.000100013     0.00303457    -0.00374454              0              0              0
           72           -150           -100    0.000204121     0.00303575    -0.00373997              0              0              0
           76           -150           -100    0.000307582     0.00303628    -0.00373298              0              0              0
           80           -150           -100    0.000410074     0.00303608    -0.00372339              0              0              0
           84           -150           -100    0.000511462     0.00303523    -0.00371149              0              0              0
           88           -150           -100    0.000611545     0.00303372    -0.00369733              0              0              0
           92           -150           -100    0.000710164     0.00303156    -0.00368101              0              0              0
           96           -150           -100    0.000807122     0.00302872    -0.00366255              0              0              0
          100           -150           -100    0.000901943     0.00302512    -0.00364173              0              0              0
          104           -150           -100    0.000994755     0.00302084    -0.00361894              0              0              0
          108           -150           -100     0.00108542      0.0030159    -0.00359426              0              0              0
          112           -150           -100     0.00117368     0.00301025    -0.00356769              0              0              0
          116           -150           -100     0.00125918     0.00300384    -0.00353917              0              0              0
          120           -150           -100     0.00134216     0.00299676    -0.00350905              0              0              0
          124           -150           -100     0.00142249       0.002989    -0.00347737              0              0              0
          128           -150           -100     0.00149959     0.00298045    -0.00344399              0              0              0
          132           -150           -100      0.0015738     0.00297121    -0.00340924              0              0              0
          136           -150           -100     0.00164508      0.0029613    -0.00337321              0              0              0
          140           -150           -100     0.00171311     0.00295066    -0.00333589              0              0              0
          144           -150           -100     0.00177787      0.0029393    -0.00329741              0              0              0
          148           -150           -100     0.00183962     0.00292728    -0.00325795              0              0              0
          152           -150           -100     0.00189789     0.00291454    -0.00321749              0              0              0
          156           -150           -100     0.00195287      0.0029011    -0.00317617              0              0              0
          160           -150           -100     0.00200444     0.00288697    -0.00313407              0              0              0
          164           -150           -100     0.00205281     0.00287219    -0.00309133              0              0              0
          168           -150           -100     0.00209804     0.00285679    -0.00304804              0              0              0
          172           -150           -100     0.00213984      0.0028407    -0.00300423              0              0              0
          176           -150           -100     0.00217827     0.00282396       -0.00296              0              0              0
          180           -150           -100     0.00221358     0.00280662    -0.00291546              0              0              0
          184           -150           -100     0.00224587     0.00278871    -0.00287068              0              0              0
          188           -150           -100     0.00227508     0.00277021    -0.00282572              0              0              0
          192           -150           -100     0.00230094     0.00275109    -0.00278064              0              0              0
          196           -150           -100     0.00232401     0.00273145    -0.00273554              0              0              0
          200           -150           -100     0.00234418     0.00271129    -0.00269046              0              0              0
          204           -150           -100     0.00236151     0.00269062    -0.00264548              0              0              0
          208           -150           -100     0.00237589     0.00266943    -0.00260064              0              0              0
          212           -150           -100     0.00238762     0.00264778    -0.00255601              0              0              0
          216           -150           -100     0.00239678     0.00262569    -0.00251162              0              0              0
          220           -150           -100     0.00240346     0.00260318    -0.00246753              0              0              0
          224           -150           -100     0.00240774     0.00258029    -0.00242377              0              0              0
          228           -150           -100      0.0024097     0.00255702    -0.00238037              0              0              0
          232           -150           -100     0.00240944      0.0025334    -0.00233739              0              0              0
          236           -150           -100     0.00240689     0.00250944    -0.00229487              0              0              0
          240           -150           -100     0.00240222     0.00248517    -0.00225284              0              0              0
          244           -150           -100      0.0023956     0.00246064     -0.0022113              0              0              0
          248           -150           -100     0.00238712     0.00243585    -0.00217029              0              0              0
          252           -150           -100     0.00237685     0.00241084    -0.00212982              0              0              0
          256           -150           -100     0.00236488     0.00238563    -0.00208992              0              0              0
          260           -150           -100     0.00235131     0.00236025    -0.00205059              0              0              0
          264           -150           -100     0.00233616     0.00233471    -0.00201187              0              0              0
          268           -150           -100     0.00231947     0.00230903    -0.00197379              0              0              0
          272           -150           -100      0.0023014     0.00228325    -0.00193635              0              0              0
          276           -150           -100     0.00228208      0.0022574    -0.00189951              0              0              0
          280           -150           -100     0.00226158     0.00223148    -0.00186329              0              0              0
          284           -150           -100     0.00223979     0.00220553     -0.0018278              0              0              0
          288           -150           -100     0.00221698     0.00217956    -0.00179292              0              0              0
          292           -150           -100     0.00219239     0.00215365    -0.00175922              0              0              0
          296           -150           -100     0.00216721     0.00212776    -0.00172592              0              0              0
          300           -150           -100     0.00214203     0.00210186    -0.00169262              0              0              0
          304           -150           -100     0.00211547     0.00207611    -0.00166048              0              0              0
          308           -150           -100     0.00208782     0.00205046    -0.00162926              0              0              0
          312           -150           -100     0.00206018     0.00202481    -0.00159804              0              0              0
          316           -150           -100     0.00203171     0.00199935     -0.0015677              0              0              0
          320           -150           -100     0.00200217     0.00197412    -0.00153854              0              0              0
          324           -150           -100     0.00197262     0.00194889    -0.00150938              0              0              0
          328           -150           -100     0.00194265     0.00192384    -0.00148084              0              0              0
          332           -150           -100      0.0019117     0.00189919    -0.00145371              0              0              0
          336           -150           -100     0.00188074     0.00187454    -0.00142657              0              0              0
          340           -150           -100     0.00184964        0.00185    -0.00139975              0              0              0
          344           -150           -100     0.00181781     0.00182598     -0.0013744              0              0              0
          348           -150           -100     0.00178598     0.00180197    -0.00134905              0              0              0
          352           -150           -100     0.00175372     0.00177848    -0.00132494              0              0              0
          356           -150           -100     0.00172126     0.00175523    -0.00130138              0              0              0
          360           -150           -100      0.0016888     0.00173197    -0.00127782              0              0              0
          364           -150           -100     0.00165623     0.00170906    -0.00125495              0              0              0
          368           -150           -100     0.00162342     0.00168678    -0.00123339              0              0              0
          372           -150           -100     0.00159061     0.00166451    -0.00121183              0              0              0
          376           -150           -100      0.0015578     0.00164224    -0.00119028              0              0              0
          380           -150           -100     0.00152496     0.00162102    -0.00117062              0              0              0
          384           -150           -100     0.00149211     0.00159982    -0.00115099              0              0              0
          388           -150           -100     0.00145927     0.00157861    -0.00113136              0              0              0
          392           -150           -100      0.0014266     0.00155828    -0.00111312              0              0              0
          396           -150           -100     0.00139403     0.00153843    -0.00109568              0              0              0
          400           -150           -100     0.00136147     0.00151858    -0.00107823              0              0              0
         -200           -146           -100    -0.00155646     0.00206659    -0.00151904              0              0              0
         -196           -146           -100     -0.0015975      0.0020785     -0.0015313              0              0              0
         -192           -146           -100    -0.00163854     0.00209042    -0.00154355              0              0              0
         -188           -146           -100    -0.00167958     0.00210233    -0.00155581              0              0              0
         -184           -146           -100    -0.00172062     0.00211425    -0.00156807              0              0              0
         -180           -146           -100    -0.00176025     0.00213661    -0.00159317              0              0              0
         -176           -146           -100    -0.00179962     0.00216091    -0.00162066              0              0              0
         -172           -146           -100      -0.001839     0.00218521    -0.00164815              0              0              0
         -168           -146           -100    -0.00187837     0.00220952    -0.00167564              0              0              0
         -164           -146           -100    -0.00191774     0.00223382    -0.00170313              0              0              0

#
# FILE TRUNCATED
#
# Included in repository to show CST's ASCII output format.
# Original file size = 222 MB
#
