%  ASCII export :
%
%  Momentum is normalized to the product of particle's mass and speed of light.
%  All other quantities are in SI units.
%
%   posX              posY              posZ              momX              momY              momZ              mass              charge            macro-charge      time             particleID   sourceID

     0.0000000e+00    -1.0000000e-03     0.0000000e+00     0.0000000e+00     0.0000000e+00     1.0770000e+00     9.1093797e-31    -7.8292177e-28    -7.8292177e-28    -7.8292179e-04   0            16777216
     0.0000000e+00    -1.0000000e-03     0.0000000e+00     0.0000000e+00     0.0000000e+00     1.0770000e+00     9.1093797e-31    -7.8292177e-28    -7.8292177e-28     0.0000000e+00   0            16777216
     2.6965174e-06    -9.9999062e-04     5.1607093e-04     1.1257056e-02     3.9173534e-05     1.0769411e+00     9.1093797e-31    -7.8292177e-28    -7.8292177e-28     2.3491057e-03   0            16777216
     8.9987643e-06    -9.9996896e-04     8.6009200e-04     2.2552932e-02     7.7322227e-05     1.0767639e+00     9.1093797e-31    -7.8292177e-28    -7.8292177e-28     3.9152899e-03   0            16777216
     1.8918872e-05    -9.9993532e-04     1.2040278e-03     3.3886503e-02     1.1442066e-04     1.0764668e+00     9.1093797e-31    -7.8292177e-28    -7.8292177e-28     5.4814736e-03   0            16777216
     3.2468612e-05    -9.9989015e-04     1.5478397e-03     4.5256615e-02     1.5044323e-04     1.0760487e+00     9.1093797e-31    -7.8292177e-28    -7.8292177e-28     7.0476574e-03   0            16777216
     4.9659368e-05    -9.9983369e-04     1.8914889e-03     5.6662086e-02     1.8536417e-04     1.0755085e+00     9.1093797e-31    -7.8292177e-28    -7.8292177e-28     8.6138416e-03   0            16777216
     7.0502152e-05    -9.9976629e-04     2.2349358e-03     6.8101704e-02     2.1915758e-04     1.0748447e+00     9.1093797e-31    -7.8292177e-28    -7.8292177e-28     1.0180025e-02   0            16777216
     9.5007570e-05    -9.9968852e-04     2.5781409e-03     7.9574227e-02     2.5179732e-04     1.0740563e+00     9.1093797e-31    -7.8292177e-28    -7.8292177e-28     1.1746209e-02   0            16777216
     1.2318585e-04    -9.9960051e-04     2.9210637e-03     9.1078393e-02     2.8325722e-04     1.0731419e+00     9.1093797e-31    -7.8292177e-28    -7.8292177e-28     1.3312394e-02   0            16777216
     1.5504677e-04    -9.9950272e-04     3.2636642e-03     1.0261291e-01     3.1351089e-04     1.0721005e+00     9.1093797e-31    -7.8292177e-28    -7.8292177e-28     1.4878578e-02   0            16777216
     1.9059972e-04    -9.9939562e-04     3.6059013e-03     1.1417643e-01     3.4253180e-04     1.0709307e+00     9.1093797e-31    -7.8292177e-28    -7.8292177e-28     1.6444761e-02   0            16777216
     2.2985364e-04    -9.9927944e-04     3.9477334e-03     1.2576762e-01     3.7029339e-04     1.0696315e+00     9.1093797e-31    -7.8292177e-28    -7.8292177e-28     1.8010946e-02   0            16777216
     2.7281704e-04    -9.9915476e-04     4.2891195e-03     1.3738507e-01     3.9676885e-04     1.0682014e+00     9.1093797e-31    -7.8292177e-28    -7.8292177e-28     1.9577129e-02   0            16777216
     3.1949795e-04    -9.9902204e-04     4.6300171e-03     1.4902739e-01     4.2193139e-04     1.0666394e+00     9.1093797e-31    -7.8292177e-28    -7.8292177e-28     2.1143313e-02   0            16777216
     3.6990401e-04    -9.9888141e-04     4.9703834e-03     1.6069311e-01     4.4575401e-04     1.0649444e+00     9.1093797e-31    -7.8292177e-28    -7.8292177e-28     2.2709496e-02   0            16777216
     4.2404252e-04    -9.9873368e-04     5.3101759e-03     1.7238209e-01     4.6822274e-04     1.0631149e+00     9.1093797e-31    -7.8292177e-28    -7.8292177e-28     2.4275681e-02   0            16777216
     4.8192177e-04    -9.9857897e-04     5.6493520e-03     1.8409762e-01     4.8935739e-04     1.0611489e+00     9.1093797e-31    -7.8292177e-28    -7.8292177e-28     2.5841866e-02   0            16777216
     5.4355006e-04    -9.9841785e-04     5.9878663e-03     1.9583842e-01     5.0913222e-04     1.0590448e+00     9.1093797e-31    -7.8292177e-28    -7.8292177e-28     2.7408049e-02   0            16777216
     6.0893490e-04    -9.9825079e-04     6.3256752e-03     2.0760286e-01     5.2751863e-04     1.0568017e+00     9.1093797e-31    -7.8292177e-28    -7.8292177e-28     2.8974233e-02   0            16777216
     6.7808363e-04    -9.9807815e-04     6.6627343e-03     2.1938927e-01     5.4448785e-04     1.0544178e+00     9.1093797e-31    -7.8292177e-28    -7.8292177e-28     3.0540416e-02   0            16777216
     7.5100275e-04    -9.9790038e-04     6.9989972e-03     2.3119599e-01     5.6001096e-04     1.0518922e+00     9.1093797e-31    -7.8292177e-28    -7.8292177e-28     3.2106601e-02   0            16777216
     8.2769833e-04    -9.9771819e-04     7.3344191e-03     2.4302125e-01     5.7405914e-04     1.0492232e+00     9.1093797e-31    -7.8292177e-28    -7.8292177e-28     3.3672784e-02   0            16777216
     9.0817595e-04    -9.9753169e-04     7.6689539e-03     2.5486329e-01     5.8660336e-04     1.0464097e+00     9.1093797e-31    -7.8292177e-28    -7.8292177e-28     3.5238970e-02   0            16777216
     9.9244050e-04    -9.9734159e-04     8.0025550e-03     2.6672032e-01     5.9761445e-04     1.0434505e+00     9.1093797e-31    -7.8292177e-28    -7.8292177e-28     3.6805153e-02   0            16777216
     1.0804962e-03    -9.9714834e-04     8.3351750e-03     2.7859050e-01     6.0706330e-04     1.0403441e+00     9.1093797e-31    -7.8292177e-28    -7.8292177e-28     3.8371336e-02   0            16777216
     1.1723471e-03    -9.9695253e-04     8.6667677e-03     2.9047194e-01     6.1492075e-04     1.0370895e+00     9.1093797e-31    -7.8292177e-28    -7.8292177e-28     3.9937522e-02   0            16777216
     1.2679960e-03    -9.9675450e-04     8.9972848e-03     3.0236271e-01     6.2115758e-04     1.0336853e+00     9.1093797e-31    -7.8292177e-28    -7.8292177e-28     4.1503705e-02   0            16777216
     1.3674457e-03    -9.9655497e-04     9.3266768e-03     3.1426084e-01     6.2574452e-04     1.0301304e+00     9.1093797e-31    -7.8292177e-28    -7.8292177e-28     4.3069888e-02   0            16777216
     1.4706978e-03    -9.9635439e-04     9.6548982e-03     3.2616436e-01     6.2865240e-04     1.0264236e+00     9.1093797e-31    -7.8292177e-28    -7.8292177e-28     4.4636071e-02   0            16777216
     1.5777538e-03    -9.9615322e-04     9.9818977e-03     3.3807123e-01     6.2985189e-04     1.0225637e+00     9.1093797e-31    -7.8292177e-28    -7.8292177e-28     4.6202257e-02   0            16777216
     1.6886143e-03    -9.9595205e-04     1.0307628e-02     3.4997937e-01     6.2930543e-04     1.0185494e+00     9.1093797e-31    -7.8292177e-28    -7.8292177e-28     4.7768440e-02   0            16777216
     1.8032788e-03    -9.9575147e-04     1.0632039e-02     3.6188668e-01     6.2695448e-04     1.0143800e+00     9.1093797e-31    -7.8292177e-28    -7.8292177e-28     4.9334623e-02   0            16777216
     1.9217469e-03    -9.9555217e-04     1.0955079e-02     3.7379098e-01     6.2276627e-04     1.0100539e+00     9.1093797e-31    -7.8292177e-28    -7.8292177e-28     5.0900809e-02   0            16777216
     2.0440170e-03    -9.9535461e-04     1.1276701e-02     3.8569009e-01     6.1670924e-04     1.0055704e+00     9.1093797e-31    -7.8292177e-28    -7.8292177e-28     5.2466992e-02   0            16777216
     2.1700868e-03    -9.9515938e-04     1.1596851e-02     3.9758155e-01     6.0875376e-04     1.0009284e+00     9.1093797e-31    -7.8292177e-28    -7.8292177e-28     5.4033175e-02   0            16777216
     2.2999530e-03    -9.9496730e-04     1.1915480e-02     4.0946290e-01     5.9886987e-04     9.9612689e-01     9.1093797e-31    -7.8292177e-28    -7.8292177e-28     5.5599362e-02   0            16777216
     2.4336125e-03    -9.9477882e-04     1.2232536e-02     4.2133185e-01     5.8702671e-04     9.9116504e-01     9.1093797e-31    -7.8292177e-28    -7.8292177e-28     5.7165544e-02   0            16777216
     2.5710603e-03    -9.9459453e-04     1.2547971e-02     4.3318605e-01     5.7319354e-04     9.8604184e-01     9.1093797e-31    -7.8292177e-28    -7.8292177e-28     5.8731727e-02   0            16777216
     2.7122914e-03    -9.9441514e-04     1.2861728e-02     4.4502306e-01     5.5733987e-04     9.8075640e-01     9.1093797e-31    -7.8292177e-28    -7.8292177e-28     6.0297914e-02   0            16777216
     2.8572993e-03    -9.9424133e-04     1.3173757e-02     4.5684049e-01     5.3943531e-04     9.7530788e-01     9.1093797e-31    -7.8292177e-28    -7.8292177e-28     6.1864097e-02   0            16777216
     3.0060774e-03    -9.9407369e-04     1.3484008e-02     4.6863586e-01     5.1944982e-04     9.6969539e-01     9.1093797e-31    -7.8292177e-28    -7.8292177e-28     6.3430279e-02   0            16777216
     3.1586182e-03    -9.9391304e-04     1.3792424e-02     4.8040667e-01     4.9735338e-04     9.6391815e-01     9.1093797e-31    -7.8292177e-28    -7.8292177e-28     6.4996466e-02   0            16777216
     3.3149130e-03    -9.9375995e-04     1.4098957e-02     4.9215037e-01     4.7311641e-04     9.5797539e-01     9.1093797e-31    -7.8292177e-28    -7.8292177e-28     6.6562645e-02   0            16777216
     3.4749527e-03    -9.9361502e-04     1.4403551e-02     5.0386435e-01     4.4670954e-04     9.5186633e-01     9.1093797e-31    -7.8292177e-28    -7.8292177e-28     6.8128832e-02   0            16777216
     3.6387269e-03    -9.9347916e-04     1.4706152e-02     5.1554602e-01     4.1810365e-04     9.4559038e-01     9.1093797e-31    -7.8292177e-28    -7.8292177e-28     6.9695018e-02   0            16777216
     3.8062250e-03    -9.9335285e-04     1.5006709e-02     5.2719271e-01     3.8726997e-04     9.3914682e-01     9.1093797e-31    -7.8292177e-28    -7.8292177e-28     7.1261197e-02   0            16777216
     3.9774352e-03    -9.9323702e-04     1.5305167e-02     5.3880340e-01     3.5419635e-04     9.3253404e-01     9.1093797e-31    -7.8292177e-28    -7.8292177e-28     7.2827384e-02   0            16777216
     4.1523469e-03    -9.9313236e-04     1.5601471e-02     5.5037969e-01     3.1889690e-04     9.2574894e-01     9.1093797e-31    -7.8292177e-28    -7.8292177e-28     7.4393570e-02   0            16777216
     4.3309475e-03    -9.9303934e-04     1.5895564e-02     5.6191868e-01     2.8134120e-04     9.1879070e-01     9.1093797e-31    -7.8292177e-28    -7.8292177e-28     7.5959750e-02   0            16777216
     4.5132260e-03    -9.9295902e-04     1.6187394e-02     5.7341743e-01     2.4149934e-04     9.1165859e-01     9.1093797e-31    -7.8292177e-28    -7.8292177e-28     7.7525936e-02   0            16777216
     4.6991664e-03    -9.9289184e-04     1.6476905e-02     5.8487284e-01     1.9934167e-04     9.0435207e-01     9.1093797e-31    -7.8292177e-28    -7.8292177e-28     7.9092123e-02   0            16777216
     4.8887567e-03    -9.9283888e-04     1.6764037e-02     5.9628201e-01     1.5483901e-04     8.9687055e-01     9.1093797e-31    -7.8292177e-28    -7.8292177e-28     8.0658302e-02   0            16777216
     5.0819800e-03    -9.9280057e-04     1.7048739e-02     6.0764170e-01     1.0796260e-04     8.8921344e-01     9.1093797e-31    -7.8292177e-28    -7.8292177e-28     8.2224488e-02   0            16777216
     5.2788197e-03    -9.9277776e-04     1.7330950e-02     6.1894894e-01     5.8676698e-05     8.8138032e-01     9.1093797e-31    -7.8292177e-28    -7.8292177e-28     8.3790675e-02   0            16777216
     5.4792585e-03    -9.9277147e-04     1.7610619e-02     6.3020045e-01     6.9497069e-06     8.7337071e-01     9.1093797e-31    -7.8292177e-28    -7.8292177e-28     8.5356854e-02   0            16777216
     5.6832777e-03    -9.9278206e-04     1.7887685e-02     6.4139313e-01    -4.7245863e-05     8.6518431e-01     9.1093797e-31    -7.8292177e-28    -7.8292177e-28     8.6923040e-02   0            16777216
     5.8908584e-03    -9.9281082e-04     1.8162094e-02     6.5252364e-01    -1.0393695e-04     8.5682076e-01     9.1093797e-31    -7.8292177e-28    -7.8292177e-28     8.8489220e-02   0            16777216
     6.1019794e-03    -9.9285808e-04     1.8433789e-02     6.6358888e-01    -1.6314993e-04     8.4827989e-01     9.1093797e-31    -7.8292177e-28    -7.8292177e-28     9.0055406e-02   0            16777216
     6.3166190e-03    -9.9292502e-04     1.8702712e-02     6.7458540e-01    -2.2491055e-04     8.3956152e-01     9.1093797e-31    -7.8292177e-28    -7.8292177e-28     9.1621593e-02   0            16777216
     6.5347552e-03    -9.9301222e-04     1.8968806e-02     6.8550992e-01    -2.8924394e-04     8.3066541e-01     9.1093797e-31    -7.8292177e-28    -7.8292177e-28     9.3187772e-02   0            16777216
     6.7563630e-03    -9.9312060e-04     1.9232016e-02     6.9635910e-01    -3.5617457e-04     8.2159168e-01     9.1093797e-31    -7.8292177e-28    -7.8292177e-28     9.4753958e-02   0            16777216
     6.9814180e-03    -9.9325099e-04     1.9492285e-02     7.0712924e-01    -4.2572076e-04     8.1234050e-01     9.1093797e-31    -7.8292177e-28    -7.8292177e-28     9.6320145e-02   0            16777216
     7.2098942e-03    -9.9340430e-04     1.9749556e-02     7.1781677e-01    -4.9790327e-04     8.0291212e-01     9.1093797e-31    -7.8292177e-28    -7.8292177e-28     9.7886324e-02   0            16777216
     7.4417642e-03    -9.9358114e-04     2.0003773e-02     7.2841829e-01    -5.7274394e-04     7.9330665e-01     9.1093797e-31    -7.8292177e-28    -7.8292177e-28     9.9452510e-02   0            16777216
     7.6770000e-03    -9.9378265e-04     2.0254878e-02     7.3893034e-01    -6.5028522e-04     7.8352445e-01     9.1093797e-31    -7.8292177e-28    -7.8292177e-28     1.0101870e-01   0            16777216
     7.9155723e-03    -9.9400966e-04     2.0502817e-02     7.4934936e-01    -7.3060743e-04     7.7356577e-01     9.1093797e-31    -7.8292177e-28    -7.8292177e-28     1.0258488e-01   0            16777216
     8.1574488e-03    -9.9426287e-04     2.0747531e-02     7.5967187e-01    -8.1373181e-04     7.6343107e-01     9.1093797e-31    -7.8292177e-28    -7.8292177e-28     1.0415106e-01   0            16777216
     8.4026009e-03    -9.9454343e-04     2.0988965e-02     7.6989430e-01    -8.9967862e-04     7.5312084e-01     9.1093797e-31    -7.8292177e-28    -7.8292177e-28     1.0571725e-01   0            16777216
     8.6509939e-03    -9.9485205e-04     2.1227064e-02     7.8001314e-01    -9.8847307e-04     7.4263555e-01     9.1093797e-31    -7.8292177e-28    -7.8292177e-28     1.0728343e-01   0            16777216
     8.9025935e-03    -9.9518977e-04     2.1461768e-02     7.9002476e-01    -1.0801359e-03     7.3197591e-01     9.1093797e-31    -7.8292177e-28    -7.8292177e-28     1.0884961e-01   0            16777216
     9.1573652e-03    -9.9555752e-04     2.1693029e-02     7.9992563e-01    -1.1746845e-03     7.2114259e-01     9.1093797e-31    -7.8292177e-28    -7.8292177e-28     1.1041580e-01   0            16777216
     9.4152726e-03    -9.9595601e-04     2.1920785e-02     8.0971211e-01    -1.2721351e-03     7.1013641e-01     9.1093797e-31    -7.8292177e-28    -7.8292177e-28     1.1198198e-01   0            16777216
     9.6762786e-03    -9.9638640e-04     2.2144984e-02     8.1938052e-01    -1.3725027e-03     6.9895828e-01     9.1093797e-31    -7.8292177e-28    -7.8292177e-28     1.1354817e-01   0            16777216
     9.9403439e-03    -9.9684962e-04     2.2365574e-02     8.2892734e-01    -1.4758012e-03     6.8760908e-01     9.1093797e-31    -7.8292177e-28    -7.8292177e-28     1.1511435e-01   0            16777216
     1.0207430e-02    -9.9734648e-04     2.2582492e-02     8.3834857e-01    -1.5820360e-03     6.7609036e-01     9.1093797e-31    -7.8292177e-28    -7.8292177e-28     1.1668053e-01   0            16777216
     1.0477494e-02    -9.9787803e-04     2.2795694e-02     8.4764051e-01    -1.6912144e-03     6.6440326e-01     9.1093797e-31    -7.8292177e-28    -7.8292177e-28     1.1824672e-01   0            16777216
     1.0750497e-02    -9.9844509e-04     2.3005120e-02     8.5679942e-01    -1.8033463e-03     6.5254921e-01     9.1093797e-31    -7.8292177e-28    -7.8292177e-28     1.1981291e-01   0            16777216
     1.1026391e-02    -9.9904882e-04     2.3210719e-02     8.6582178e-01    -1.9184406e-03     6.4052945e-01     9.1093797e-31    -7.8292177e-28    -7.8292177e-28     1.2137908e-01   0            16777216
     1.1305136e-02    -9.9968992e-04     2.3412440e-02     8.7470388e-01    -2.0365042e-03     6.2834543e-01     9.1093797e-31    -7.8292177e-28    -7.8292177e-28     1.2294527e-01   0            16777216
     1.1586682e-02    -1.0003694e-03     2.3610229e-02     8.8344216e-01    -2.1575450e-03     6.1599863e-01     9.1093797e-31    -7.8292177e-28    -7.8292177e-28     1.2451145e-01   0            16777216
     1.1870986e-02    -1.0010884e-03     2.3804035e-02     8.9203292e-01    -2.2815729e-03     6.0349077e-01     9.1093797e-31    -7.8292177e-28    -7.8292177e-28     1.2607764e-01   0            16777216
     1.2157998e-02    -1.0018478e-03     2.3993807e-02     9.0047258e-01    -2.4085920e-03     5.9082341e-01     9.1093797e-31    -7.8292177e-28    -7.8292177e-28     1.2764382e-01   0            16777216
     1.2447668e-02    -1.0026483e-03     2.4179492e-02     9.0875763e-01    -2.5386044e-03     5.7799840e-01     9.1093797e-31    -7.8292177e-28    -7.8292177e-28     1.2921001e-01   0            16777216
     1.2739949e-02    -1.0034912e-03     2.4361042e-02     9.1688436e-01    -2.6716106e-03     5.6501764e-01     9.1093797e-31    -7.8292177e-28    -7.8292177e-28     1.3077620e-01   0            16777216
     1.3034787e-02    -1.0043773e-03     2.4538411e-02     9.2484927e-01    -2.8076095e-03     5.5188316e-01     9.1093797e-31    -7.8292177e-28    -7.8292177e-28     1.3234237e-01   0            16777216
     1.3332130e-02    -1.0053075e-03     2.4711547e-02     9.3264842e-01    -2.9465868e-03     5.3859740e-01     9.1093797e-31    -7.8292177e-28    -7.8292177e-28     1.3390855e-01   0            16777216
     1.3631924e-02    -1.0062827e-03     2.4880402e-02     9.4027835e-01    -3.0885339e-03     5.2516294e-01     9.1093797e-31    -7.8292177e-28    -7.8292177e-28     1.3547474e-01   0            16777216
     1.3934115e-02    -1.0073042e-03     2.5044929e-02     9.4773549e-01    -3.2334449e-03     5.1158190e-01     9.1093797e-31    -7.8292177e-28    -7.8292177e-28     1.3704093e-01   0            16777216
     1.4238646e-02    -1.0083726e-03     2.5205083e-02     9.5501757e-01    -3.3813021e-03     4.9785438e-01     9.1093797e-31    -7.8292177e-28    -7.8292177e-28     1.3860711e-01   0            16777216
     1.4545460e-02    -1.0094888e-03     2.5360817e-02     9.6212214e-01    -3.5320893e-03     4.8398083e-01     9.1093797e-31    -7.8292177e-28    -7.8292177e-28     1.4017330e-01   0            16777216
     1.4854503e-02    -1.0106541e-03     2.5512083e-02     9.6904564e-01    -3.6858025e-03     4.6996379e-01     9.1093797e-31    -7.8292177e-28    -7.8292177e-28     1.4173947e-01   0            16777216
     1.5165711e-02    -1.0118692e-03     2.5658838e-02     9.7578436e-01    -3.8424334e-03     4.5580596e-01     9.1093797e-31    -7.8292177e-28    -7.8292177e-28     1.4330566e-01   0            16777216
     1.5479028e-02    -1.0131348e-03     2.5801037e-02     9.8233491e-01    -4.0019704e-03     4.4151008e-01     9.1093797e-31    -7.8292177e-28    -7.8292177e-28     1.4487185e-01   0            16777216
     1.5794393e-02    -1.0144523e-03     2.5938634e-02     9.8869365e-01    -4.1643996e-03     4.2707905e-01     9.1093797e-31    -7.8292177e-28    -7.8292177e-28     1.4643803e-01   0            16777216
     1.6111741e-02    -1.0158222e-03     2.6071589e-02     9.9485719e-01    -4.3297056e-03     4.1251591e-01     9.1093797e-31    -7.8292177e-28    -7.8292177e-28     1.4800422e-01   0            16777216
     1.6431011e-02    -1.0172457e-03     2.6199862e-02     1.0008219e+00    -4.4978559e-03     3.9782435e-01     9.1093797e-31    -7.8292177e-28    -7.8292177e-28     1.4957039e-01   0            16777216
     1.6752139e-02    -1.0187237e-03     2.6323413e-02     1.0065844e+00    -4.6688262e-03     3.8300782e-01     9.1093797e-31    -7.8292177e-28    -7.8292177e-28     1.5113658e-01   0            16777216
     1.7075058e-02    -1.0202568e-03     2.6442200e-02     1.0121415e+00    -4.8425952e-03     3.6806965e-01     9.1093797e-31    -7.8292177e-28    -7.8292177e-28     1.5270276e-01   0            16777216
     1.7399702e-02    -1.0218462e-03     2.6556185e-02     1.0174898e+00    -5.0191395e-03     3.5301322e-01     9.1093797e-31    -7.8292177e-28    -7.8292177e-28     1.5426895e-01   0            16777216
     1.7726006e-02    -1.0234927e-03     2.6665332e-02     1.0226264e+00    -5.1984354e-03     3.3784208e-01     9.1093797e-31    -7.8292177e-28    -7.8292177e-28     1.5583514e-01   0            16777216
     1.8053899e-02    -1.0251970e-03     2.6769606e-02     1.0275482e+00    -5.3804591e-03     3.2255980e-01     9.1093797e-31    -7.8292177e-28    -7.8292177e-28     1.5740132e-01   0            16777216
     1.8383311e-02    -1.0269601e-03     2.6868973e-02     1.0322522e+00    -5.5651828e-03     3.0717009e-01     9.1093797e-31    -7.8292177e-28    -7.8292177e-28     1.5896749e-01   0            16777216
     1.8714173e-02    -1.0287829e-03     2.6963398e-02     1.0367355e+00    -5.7525756e-03     2.9167676e-01     9.1093797e-31    -7.8292177e-28    -7.8292177e-28     1.6053368e-01   0            16777216
     1.9046415e-02    -1.0306663e-03     2.7052848e-02     1.0409955e+00    -5.9426054e-03     2.7608365e-01     9.1093797e-31    -7.8292177e-28    -7.8292177e-28     1.6209987e-01   0            16777216
     1.9379964e-02    -1.0326109e-03     2.7137294e-02     1.0450290e+00    -6.1352295e-03     2.6039514e-01     9.1093797e-31    -7.8292177e-28    -7.8292177e-28     1.6366605e-01   0            16777216
     1.9714745e-02    -1.0346177e-03     2.7216705e-02     1.0488336e+00    -6.3303951e-03     2.4461593e-01     9.1093797e-31    -7.8292177e-28    -7.8292177e-28     1.6523224e-01   0            16777216
     2.0050688e-02    -1.0366874e-03     2.7291056e-02     1.0524067e+00    -6.5280646e-03     2.2875018e-01     9.1093797e-31    -7.8292177e-28    -7.8292177e-28     1.6679843e-01   0            16777216
     2.0387715e-02    -1.0388209e-03     2.7360316e-02     1.0557457e+00    -6.7281970e-03     2.1280217e-01     9.1093797e-31    -7.8292177e-28    -7.8292177e-28     1.6836460e-01   0            16777216
     2.0725753e-02    -1.0410189e-03     2.7424464e-02     1.0588485e+00    -6.9307513e-03     1.9677618e-01     9.1093797e-31    -7.8292177e-28    -7.8292177e-28     1.6993079e-01   0            16777216
     2.1064725e-02    -1.0432822e-03     2.7483474e-02     1.0617127e+00    -7.1356851e-03     1.8067662e-01     9.1093797e-31    -7.8292177e-28    -7.8292177e-28     1.7149697e-01   0            16777216
     2.1404555e-02    -1.0456116e-03     2.7537324e-02     1.0643365e+00    -7.3429532e-03     1.6450796e-01     9.1093797e-31    -7.8292177e-28    -7.8292177e-28     1.7306316e-01   0            16777216
     2.1745164e-02    -1.0480076e-03     2.7585993e-02     1.0667176e+00    -7.5525078e-03     1.4827472e-01     9.1093797e-31    -7.8292177e-28    -7.8292177e-28     1.7462935e-01   0            16777216
     2.2086477e-02    -1.0504712e-03     2.7629461e-02     1.0688543e+00    -7.7642999e-03     1.3198154e-01     9.1093797e-31    -7.8292177e-28    -7.8292177e-28     1.7619553e-01   0            16777216
     2.2428412e-02    -1.0530030e-03     2.7667711e-02     1.0707448e+00    -7.9782698e-03     1.1563338e-01     9.1093797e-31    -7.8292177e-28    -7.8292177e-28     1.7776170e-01   0            16777216
     2.2770893e-02    -1.0556037e-03     2.7700724e-02     1.0723871e+00    -8.1943450e-03     9.9235810e-02     9.1093797e-31    -7.8292177e-28    -7.8292177e-28     1.7932789e-01   0            16777216
     2.3113837e-02    -1.0582737e-03     2.7728489e-02     1.0737799e+00    -8.4124720e-03     8.2793631e-02     9.1093797e-31    -7.8292177e-28    -7.8292177e-28     1.8089408e-01   0            16777216
     2.3457168e-02    -1.0610141e-03     2.7750991e-02     1.0749220e+00    -8.6325919e-03     6.6311695e-02     9.1093797e-31    -7.8292177e-28    -7.8292177e-28     1.8246026e-01   0            16777216
     2.3800801e-02    -1.0638252e-03     2.7768221e-02     1.0758119e+00    -8.8546481e-03     4.9794890e-02     9.1093797e-31    -7.8292177e-28    -7.8292177e-28     1.8402645e-01   0            16777216
     2.4144661e-02    -1.0667077e-03     2.7780164e-02     1.0764484e+00    -9.0785809e-03     3.3248167e-02     9.1093797e-31    -7.8292177e-28    -7.8292177e-28     1.8559262e-01   0            16777216
     2.4488660e-02    -1.0696622e-03     2.7786817e-02     1.0768306e+00    -9.3043288e-03     1.6676513e-02     9.1093797e-31    -7.8292177e-28    -7.8292177e-28     1.8715881e-01   0            16777216
     2.4832722e-02    -1.0726892e-03     2.7788170e-02     1.0769578e+00    -9.5318286e-03     8.4957697e-05     9.1093797e-31    -7.8292177e-28    -7.8292177e-28     1.8872499e-01   0            16777216
     2.5176764e-02    -1.0757893e-03     2.7784217e-02     1.0768291e+00    -9.7610159e-03    -1.6521443e-02     9.1093797e-31    -7.8292177e-28    -7.8292177e-28     1.9029118e-01   0            16777216
     2.5520699e-02    -1.0789630e-03     2.7774958e-02     1.0764437e+00    -9.9918125e-03    -3.3137146e-02     9.1093797e-31    -7.8292177e-28    -7.8292177e-28     1.9185737e-01   0            16777216
     2.5864454e-02    -1.0822108e-03     2.7760388e-02     1.0758015e+00    -1.0224133e-02    -4.9756292e-02     9.1093797e-31    -7.8292177e-28    -7.8292177e-28     1.9342355e-01   0            16777216
     2.6207941e-02    -1.0855333e-03     2.7740510e-02     1.0749019e+00    -1.0457908e-02    -6.6373743e-02     9.1093797e-31    -7.8292177e-28    -7.8292177e-28     1.9498973e-01   0            16777216
     2.6551079e-02    -1.0889306e-03     2.7715325e-02     1.0737450e+00    -1.0693066e-02    -8.2984351e-02     9.1093797e-31    -7.8292177e-28    -7.8292177e-28     1.9655591e-01   0            16777216
     2.6893785e-02    -1.0924035e-03     2.7684838e-02     1.0723306e+00    -1.0929537e-02    -9.9582948e-02     9.1093797e-31    -7.8292177e-28    -7.8292177e-28     1.9812210e-01   0            16777216
     2.7235977e-02    -1.0959522e-03     2.7649047e-02     1.0706587e+00    -1.1167246e-02    -1.1616436e-01     9.1093797e-31    -7.8292177e-28    -7.8292177e-28     1.9968829e-01   0            16777216
     2.7577575e-02    -1.0995772e-03     2.7607966e-02     1.0687298e+00    -1.1406118e-02    -1.3272342e-01     9.1093797e-31    -7.8292177e-28    -7.8292177e-28     2.0125447e-01   0            16777216
     2.7918495e-02    -1.1032787e-03     2.7561603e-02     1.0665441e+00    -1.1646078e-02    -1.4925493e-01     9.1093797e-31    -7.8292177e-28    -7.8292177e-28     2.0282066e-01   0            16777216
     2.8258653e-02    -1.1070570e-03     2.7509965e-02     1.0641022e+00    -1.1887049e-02    -1.6575375e-01     9.1093797e-31    -7.8292177e-28    -7.8292177e-28     2.0438683e-01   0            16777216
     2.8597971e-02    -1.1109128e-03     2.7453065e-02     1.0614047e+00    -1.2128941e-02    -1.8221420e-01     9.1093797e-31    -7.8292177e-28    -7.8292177e-28     2.0595302e-01   0            16777216
     2.8936366e-02    -1.1148459e-03     2.7390918e-02     1.0584526e+00    -1.2371656e-02    -1.9863045e-01     9.1093797e-31    -7.8292177e-28    -7.8292177e-28     2.0751920e-01   0            16777216
     2.9273758e-02    -1.1188566e-03     2.7323535e-02     1.0552468e+00    -1.2615117e-02    -2.1499741e-01     9.1093797e-31    -7.8292177e-28    -7.8292177e-28     2.0908539e-01   0            16777216
     2.9610066e-02    -1.1229453e-03     2.7250940e-02     1.0517887e+00    -1.2859242e-02    -2.3130998e-01     9.1093797e-31    -7.8292177e-28    -7.8292177e-28     2.1065158e-01   0            16777216
     2.9945208e-02    -1.1271122e-03     2.7173145e-02     1.0480791e+00    -1.3103950e-02    -2.4756311e-01     9.1093797e-31    -7.8292177e-28    -7.8292177e-28     2.1221775e-01   0            16777216
     3.0279104e-02    -1.1313575e-03     2.7090173e-02     1.0441196e+00    -1.3349157e-02    -2.6375175e-01     9.1093797e-31    -7.8292177e-28    -7.8292177e-28     2.1378393e-01   0            16777216
     3.0611675e-02    -1.1356811e-03     2.7002046e-02     1.0399117e+00    -1.3594779e-02    -2.7987093e-01     9.1093797e-31    -7.8292177e-28    -7.8292177e-28     2.1535012e-01   0            16777216
     3.0942844e-02    -1.1400833e-03     2.6908787e-02     1.0354570e+00    -1.3840734e-02    -2.9591572e-01     9.1093797e-31    -7.8292177e-28    -7.8292177e-28     2.1691631e-01   0            16777216
     3.1272531e-02    -1.1445641e-03     2.6810421e-02     1.0307573e+00    -1.4086937e-02    -3.1188115e-01     9.1093797e-31    -7.8292177e-28    -7.8292177e-28     2.1848249e-01   0            16777216
     3.1600658e-02    -1.1491237e-03     2.6706973e-02     1.0258144e+00    -1.4333303e-02    -3.2776245e-01     9.1093797e-31    -7.8292177e-28    -7.8292177e-28     2.2004868e-01   0            16777216
     3.1927146e-02    -1.1537619e-03     2.6598474e-02     1.0206308e+00    -1.4579725e-02    -3.4355384e-01     9.1093797e-31    -7.8292177e-28    -7.8292177e-28     2.2161485e-01   0            16777216
     3.2251924e-02    -1.1584788e-03     2.6484951e-02     1.0152086e+00    -1.4826107e-02    -3.5925031e-01     9.1093797e-31    -7.8292177e-28    -7.8292177e-28     2.2318104e-01   0            16777216
     3.2574911e-02    -1.1632745e-03     2.6366439e-02     1.0095501e+00    -1.5072365e-02    -3.7484720e-01     9.1093797e-31    -7.8292177e-28    -7.8292177e-28     2.2474723e-01   0            16777216
     3.2896034e-02    -1.1681488e-03     2.6242970e-02     1.0036578e+00    -1.5318416e-02    -3.9033994e-01     9.1093797e-31    -7.8292177e-28    -7.8292177e-28     2.2631341e-01   0            16777216
     3.3215225e-02    -1.1731016e-03     2.6114576e-02     9.9753433e-01    -1.5564172e-02    -4.0572402e-01     9.1093797e-31    -7.8292177e-28    -7.8292177e-28     2.2787960e-01   0            16777216
     3.3532396e-02    -1.1781328e-03     2.5981292e-02     9.9118227e-01    -1.5809545e-02    -4.2099497e-01     9.1093797e-31    -7.8292177e-28    -7.8292177e-28     2.2944579e-01   0            16777216
     3.3847485e-02    -1.1832424e-03     2.5843160e-02     9.8460436e-01    -1.6054451e-02    -4.3614843e-01     9.1093797e-31    -7.8292177e-28    -7.8292177e-28     2.3101196e-01   0            16777216
     3.4160424e-02    -1.1884300e-03     2.5700215e-02     9.7780359e-01    -1.6298803e-02    -4.5118016e-01     9.1093797e-31    -7.8292177e-28    -7.8292177e-28     2.3257814e-01   0            16777216
     3.4471136e-02    -1.1936956e-03     2.5552496e-02     9.7078282e-01    -1.6542513e-02    -4.6608594e-01     9.1093797e-31    -7.8292177e-28    -7.8292177e-28     2.3414433e-01   0            16777216
     3.4779549e-02    -1.1990388e-03     2.5400050e-02     9.6354520e-01    -1.6785499e-02    -4.8086163e-01     9.1093797e-31    -7.8292177e-28    -7.8292177e-28     2.3571052e-01   0            16777216
     3.5085604e-02    -1.2044595e-03     2.5242914e-02     9.5609397e-01    -1.7027672e-02    -4.9550313e-01     9.1093797e-31    -7.8292177e-28    -7.8292177e-28     2.3727670e-01   0            16777216
     3.5389226e-02    -1.2099573e-03     2.5081132e-02     9.4843286e-01    -1.7268926e-02    -5.1000571e-01     9.1093797e-31    -7.8292177e-28    -7.8292177e-28     2.3884289e-01   0            16777216
     3.5690349e-02    -1.2155320e-03     2.4914753e-02     9.4056541e-01    -1.7509174e-02    -5.2436548e-01     9.1093797e-31    -7.8292177e-28    -7.8292177e-28     2.4040906e-01   0            16777216
     3.5988912e-02    -1.2211831e-03     2.4743818e-02     9.3249285e-01    -1.7748341e-02    -5.3858244e-01     9.1093797e-31    -7.8292177e-28    -7.8292177e-28     2.4197525e-01   0            16777216
     3.6284845e-02    -1.2269104e-03     2.4568377e-02     9.2421788e-01    -1.7986352e-02    -5.5265433e-01     9.1093797e-31    -7.8292177e-28    -7.8292177e-28     2.4354143e-01   0            16777216
     3.6578089e-02    -1.2327136e-03     2.4388477e-02     9.1574383e-01    -1.8223120e-02    -5.6657755e-01     9.1093797e-31    -7.8292177e-28    -7.8292177e-28     2.4510762e-01   0            16777216
     3.6868576e-02    -1.2385919e-03     2.4204161e-02     9.0707415e-01    -1.8458566e-02    -5.8034885e-01     9.1093797e-31    -7.8292177e-28    -7.8292177e-28     2.4667381e-01   0            16777216
     3.7156247e-02    -1.2445451e-03     2.4015486e-02     8.9821231e-01    -1.8692607e-02    -5.9396482e-01     9.1093797e-31    -7.8292177e-28    -7.8292177e-28     2.4823998e-01   0            16777216
     3.7441045e-02    -1.2505727e-03     2.3822499e-02     8.8916194e-01    -1.8925166e-02    -6.0742229e-01     9.1093797e-31    -7.8292177e-28    -7.8292177e-28     2.4980617e-01   0            16777216
     3.7722904e-02    -1.2566743e-03     2.3625251e-02     8.7992668e-01    -1.9156160e-02    -6.2071818e-01     9.1093797e-31    -7.8292177e-28    -7.8292177e-28     2.5137237e-01   0            16777216
     3.8001772e-02    -1.2628494e-03     2.3423795e-02     8.7051028e-01    -1.9385513e-02    -6.3384944e-01     9.1093797e-31    -7.8292177e-28    -7.8292177e-28     2.5293854e-01   0            16777216
     3.8277585e-02    -1.2690973e-03     2.3218183e-02     8.6091638e-01    -1.9613149e-02    -6.4681321e-01     9.1093797e-31    -7.8292177e-28    -7.8292177e-28     2.5450471e-01   0            16777216
     3.8550295e-02    -1.2754174e-03     2.3008469e-02     8.5114908e-01    -1.9838985e-02    -6.5960646e-01     9.1093797e-31    -7.8292177e-28    -7.8292177e-28     2.5607091e-01   0            16777216
     3.8819842e-02    -1.2818093e-03     2.2794710e-02     8.4121269e-01    -2.0062931e-02    -6.7222595e-01     9.1093797e-31    -7.8292177e-28    -7.8292177e-28     2.5763708e-01   0            16777216
     3.9086174e-02    -1.2882722e-03     2.2576962e-02     8.3111119e-01    -2.0284913e-02    -6.8466908e-01     9.1093797e-31    -7.8292177e-28    -7.8292177e-28     2.5920328e-01   0            16777216
     3.9349247e-02    -1.2948056e-03     2.2355283e-02     8.2084858e-01    -2.0504860e-02    -6.9693339e-01     9.1093797e-31    -7.8292177e-28    -7.8292177e-28     2.6076946e-01   0            16777216
     3.9608996e-02    -1.3014087e-03     2.2129728e-02     8.1042892e-01    -2.0722700e-02    -7.0901662e-01     9.1093797e-31    -7.8292177e-28    -7.8292177e-28     2.6233563e-01   0            16777216
     3.9865382e-02    -1.3080809e-03     2.1900356e-02     7.9985625e-01    -2.0938369e-02    -7.2091651e-01     9.1093797e-31    -7.8292177e-28    -7.8292177e-28     2.6390183e-01   0            16777216
     4.0118352e-02    -1.3148214e-03     2.1667227e-02     7.8913468e-01    -2.1151792e-02    -7.3263091e-01     9.1093797e-31    -7.8292177e-28    -7.8292177e-28     2.6546800e-01   0            16777216
     4.0367864e-02    -1.3216297e-03     2.1430399e-02     7.7826840e-01    -2.1362906e-02    -7.4415791e-01     9.1093797e-31    -7.8292177e-28    -7.8292177e-28     2.6703420e-01   0            16777216
     4.0613871e-02    -1.3285048e-03     2.1189937e-02     7.6726151e-01    -2.1571644e-02    -7.5549549e-01     9.1093797e-31    -7.8292177e-28    -7.8292177e-28     2.6860037e-01   0            16777216
     4.0856328e-02    -1.3354459e-03     2.0945895e-02     7.5611830e-01    -2.1777943e-02    -7.6664191e-01     9.1093797e-31    -7.8292177e-28    -7.8292177e-28     2.7016658e-01   0            16777216
     4.1095193e-02    -1.3424525e-03     2.0698341e-02     7.4484289e-01    -2.1981739e-02    -7.7759558e-01     9.1093797e-31    -7.8292177e-28    -7.8292177e-28     2.7173275e-01   0            16777216
     4.1330427e-02    -1.3495235e-03     2.0447334e-02     7.3343962e-01    -2.2182975e-02    -7.8835475e-01     9.1093797e-31    -7.8292177e-28    -7.8292177e-28     2.7329892e-01   0            16777216
     4.1561987e-02    -1.3566581e-03     2.0192932e-02     7.2191268e-01    -2.2381589e-02    -7.9891813e-01     9.1093797e-31    -7.8292177e-28    -7.8292177e-28     2.7486512e-01   0            16777216
     4.1789833e-02    -1.3638556e-03     1.9935207e-02     7.1026665e-01    -2.2577519e-02    -8.0928397e-01     9.1093797e-31    -7.8292177e-28    -7.8292177e-28     2.7643129e-01   0            16777216
     4.2013936e-02    -1.3711150e-03     1.9674217e-02     6.9850606e-01    -2.2770774e-02    -8.1945091e-01     9.1093797e-31    -7.8292177e-28    -7.8292177e-28     2.7799749e-01   0            16777216
     4.2234249e-02    -1.3784355e-03     1.9410027e-02     6.8663514e-01    -2.2961367e-02    -8.2941782e-01     9.1093797e-31    -7.8292177e-28    -7.8292177e-28     2.7956367e-01   0            16777216
     4.2450752e-02    -1.3858163e-03     1.9142700e-02     6.7465818e-01    -2.3149250e-02    -8.3918381e-01     9.1093797e-31    -7.8292177e-28    -7.8292177e-28     2.8112984e-01   0            16777216
     4.2663395e-02    -1.3932565e-03     1.8872302e-02     6.6257954e-01    -2.3334371e-02    -8.4874785e-01     9.1093797e-31    -7.8292177e-28    -7.8292177e-28     2.8269604e-01   0            16777216
     4.2872164e-02    -1.4007550e-03     1.8598897e-02     6.5040332e-01    -2.3516679e-02    -8.5810924e-01     9.1093797e-31    -7.8292177e-28    -7.8292177e-28     2.8426221e-01   0            16777216
     4.3077018e-02    -1.4083112e-03     1.8322550e-02     6.3813394e-01    -2.3696128e-02    -8.6726725e-01     9.1093797e-31    -7.8292177e-28    -7.8292177e-28     2.8582841e-01   0            16777216
     4.3277930e-02    -1.4159241e-03     1.8043326e-02     6.2577564e-01    -2.3872672e-02    -8.7622142e-01     9.1093797e-31    -7.8292177e-28    -7.8292177e-28     2.8739458e-01   0            16777216
     4.3474872e-02    -1.4235926e-03     1.7761290e-02     6.1333257e-01    -2.4046263e-02    -8.8497114e-01     9.1093797e-31    -7.8292177e-28    -7.8292177e-28     2.8896075e-01   0            16777216
     4.3667819e-02    -1.4313157e-03     1.7476508e-02     6.0080904e-01    -2.4216862e-02    -8.9351612e-01     9.1093797e-31    -7.8292177e-28    -7.8292177e-28     2.9052696e-01   0            16777216
     4.3856747e-02    -1.4390927e-03     1.7189046e-02     5.8820921e-01    -2.4384426e-02    -9.0185606e-01     9.1093797e-31    -7.8292177e-28    -7.8292177e-28     2.9209313e-01   0            16777216
     4.4041637e-02    -1.4469227e-03     1.6898967e-02     5.7553726e-01    -2.4548918e-02    -9.0999079e-01     9.1093797e-31    -7.8292177e-28    -7.8292177e-28     2.9365933e-01   0            16777216
     4.4222455e-02    -1.4548041e-03     1.6606340e-02     5.6279737e-01    -2.4710301e-02    -9.1792023e-01     9.1093797e-31    -7.8292177e-28    -7.8292177e-28     2.9522550e-01   0            16777216
     4.4399191e-02    -1.4627366e-03     1.6311226e-02     5.4999369e-01    -2.4868537e-02    -9.2564440e-01     9.1093797e-31    -7.8292177e-28    -7.8292177e-28     2.9679170e-01   0            16777216
     4.4571821e-02    -1.4707188e-03     1.6013695e-02     5.3713036e-01    -2.5023594e-02    -9.3316334e-01     9.1093797e-31    -7.8292177e-28    -7.8292177e-28     2.9835787e-01   0            16777216
     4.4740330e-02    -1.4787498e-03     1.5713813e-02     5.2421176e-01    -2.5175434e-02    -9.4047713e-01     9.1093797e-31    -7.8292177e-28    -7.8292177e-28     2.9992405e-01   0            16777216
     4.4904701e-02    -1.4868286e-03     1.5411641e-02     5.1124203e-01    -2.5324026e-02    -9.4758606e-01     9.1093797e-31    -7.8292177e-28    -7.8292177e-28     3.0149025e-01   0            16777216
     4.5064911e-02    -1.4949540e-03     1.5107248e-02     4.9822506e-01    -2.5469344e-02    -9.5449048e-01     9.1093797e-31    -7.8292177e-28    -7.8292177e-28     3.0305642e-01   0            16777216
     4.5220956e-02    -1.5031251e-03     1.4800698e-02     4.8516425e-01    -2.5611363e-02    -9.6119130e-01     9.1093797e-31    -7.8292177e-28    -7.8292177e-28     3.0462262e-01   0            16777216
     4.5372818e-02    -1.5113406e-03     1.4492054e-02     4.7205743e-01    -2.5750076e-02    -9.6769196e-01     9.1093797e-31    -7.8292177e-28    -7.8292177e-28     3.0618879e-01   0            16777216
     4.5520481e-02    -1.5195997e-03     1.4181382e-02     4.5890686e-01    -2.5885463e-02    -9.7399354e-01     9.1093797e-31    -7.8292177e-28    -7.8292177e-28     3.0775496e-01   0            16777216
     4.5663930e-02    -1.5279014e-03     1.3868744e-02     4.4571614e-01    -2.6017502e-02    -9.8009652e-01     9.1093797e-31    -7.8292177e-28    -7.8292177e-28     3.0932117e-01   0            16777216
     4.5803159e-02    -1.5362443e-03     1.3554204e-02     4.3248889e-01    -2.6146172e-02    -9.8600137e-01     9.1093797e-31    -7.8292177e-28    -7.8292177e-28     3.1088734e-01   0            16777216
     4.5938153e-02    -1.5446276e-03     1.3237825e-02     4.1922861e-01    -2.6271455e-02    -9.9170870e-01     9.1093797e-31    -7.8292177e-28    -7.8292177e-28     3.1245354e-01   0            16777216
     4.6068907e-02    -1.5530501e-03     1.2919670e-02     4.0593883e-01    -2.6393332e-02    -9.9721915e-01     9.1093797e-31    -7.8292177e-28    -7.8292177e-28     3.1401971e-01   0            16777216
     4.6195406e-02    -1.5615106e-03     1.2599801e-02     3.9262298e-01    -2.6511790e-02    -1.0025334e+00     9.1093797e-31    -7.8292177e-28    -7.8292177e-28     3.1558591e-01   0            16777216
     4.6317648e-02    -1.5700082e-03     1.2278281e-02     3.7928453e-01    -2.6626814e-02    -1.0076524e+00     9.1093797e-31    -7.8292177e-28    -7.8292177e-28     3.1715208e-01   0            16777216
     4.6403676e-02    -1.5762077e-03     1.2043563e-02     3.6592683e-01    -2.6738394e-02    -1.0125767e+00     9.1093797e-31    -7.8292177e-28    -7.8292177e-28     3.1829032e-01   0            16777216
     0.0000000e+00     0.0000000e+00     0.0000000e+00     0.0000000e+00     0.0000000e+00     1.0770000e+00     9.1093797e-31    -7.8292177e-28    -7.8292177e-28    -7.8292179e-04   1            16777216
     0.0000000e+00     0.0000000e+00     0.0000000e+00     0.0000000e+00     0.0000000e+00     1.0770000e+00     9.1093797e-31    -7.8292177e-28    -7.8292177e-28     0.0000000e+00   1            16777216
     2.6965263e-06     3.6312278e-10     5.1607093e-04     1.1257093e-02     1.5129078e-06     1.0769411e+00     9.1093797e-31    -7.8292177e-28    -7.8292177e-28     2.3491057e-03   1            16777216
     8.9987925e-06     1.2021271e-09     8.6009200e-04     2.2553002e-02     2.9946016e-06     1.0767639e+00     9.1093797e-31    -7.8292177e-28    -7.8292177e-28     3.9152899e-03   1            16777216
     1.8918930e-05     2.5068381e-09     1.2040278e-03     3.3886600e-02     4.4442359e-06     1.0764668e+00     9.1093797e-31    -7.8292177e-28    -7.8292177e-28     5.4814736e-03   1            16777216
     3.2468703e-05     4.2668091e-09     1.5478397e-03     4.5256738e-02     5.8609562e-06     1.0760487e+00     9.1093797e-31    -7.8292177e-28    -7.8292177e-28     7.0476574e-03   1            16777216
     4.9659509e-05     6.4713181e-09     1.8914889e-03     5.6662228e-02     7.2439002e-06     1.0755085e+00     9.1093797e-31    -7.8292177e-28    -7.8292177e-28     8.6138416e-03   1            16777216
     7.0502341e-05     9.1093657e-09     2.2349358e-03     6.8101861e-02     8.5921974e-06     1.0748447e+00     9.1093797e-31    -7.8292177e-28    -7.8292177e-28     1.0180025e-02   1            16777216
     9.5007817e-05     1.2169673e-08     2.5781409e-03     7.9574406e-02     9.9049712e-06     1.0740563e+00     9.1093797e-31    -7.8292177e-28    -7.8292177e-28     1.1746209e-02   1            16777216
     1.2318615e-04     1.5640680e-08     2.9210637e-03     9.1078579e-02     1.1181333e-05     1.0731419e+00     9.1093797e-31    -7.8292177e-28    -7.8292177e-28     1.3312394e-02   1            16777216

#
# FILE TRUNCATED
#
# Included in repository to show CST's ASCII output format.
# Original file size = 139 MB
#
