%  ASCII export :
%
%  Momentum is normalized to the product of particle's mass and speed of light.
%  All other quantities are in SI units.
%
%   posX              posY              posZ              momX              momY              momZ              mass              charge            macro-charge      time             particleID   sourceID

     0.0000000e+00    -1.0000000e-03     0.0000000e+00     0.0000000e+00     0.0000000e+00     3.1006399e-01     9.1093797e-31    -7.8292177e-28    -7.8292177e-28    -7.8292179e-04   0            16777216
     0.0000000e+00    -1.0000000e-03     0.0000000e+00     0.0000000e+00     0.0000000e+00     3.1006399e-01     9.1093797e-31    -7.8292177e-28    -7.8292177e-28     0.0000000e+00   0            16777216
     1.5768758e-06    -9.9999446e-04     3.4819852e-04     2.8080111e-03     9.9353283e-06     3.1005129e-01     9.1093797e-31    -7.8292177e-28    -7.8292177e-28     3.9218818e-03   0            16777216
     5.6821091e-06    -9.9998002e-04     6.2685966e-04     5.6239287e-03     1.9638059e-05     3.1001300e-01     9.1093797e-31    -7.8292177e-28    -7.8292177e-28     7.0608417e-03   0            16777216
     1.2322688e-05    -9.9995709e-04     9.0547185e-04     8.4475409e-03     2.9103525e-05     3.0994889e-01     9.1093797e-31    -7.8292177e-28    -7.8292177e-28     1.0199802e-02   0            16777216
     2.1505410e-05    -9.9992577e-04     1.1840119e-03     1.1278634e-02     3.8327031e-05     3.0985880e-01     9.1093797e-31    -7.8292177e-28    -7.8292177e-28     1.3338761e-02   0            16777216
     3.3236869e-05    -9.9988619e-04     1.4624562e-03     1.4116985e-02     4.7303860e-05     3.0974245e-01     9.1093797e-31    -7.8292177e-28    -7.8292177e-28     1.6477721e-02   0            16777216
     4.7523470e-05    -9.9983881e-04     1.7407811e-03     1.6962372e-02     5.6029272e-05     3.0959967e-01     9.1093797e-31    -7.8292177e-28    -7.8292177e-28     1.9616682e-02   0            16777216
     6.4371408e-05    -9.9978363e-04     2.0189628e-03     1.9814564e-02     6.4498505e-05     3.0943021e-01     9.1093797e-31    -7.8292177e-28    -7.8292177e-28     2.2755641e-02   0            16777216
     8.3786661e-05    -9.9972100e-04     2.2969770e-03     2.2673331e-02     7.2706775e-05     3.0923390e-01     9.1093797e-31    -7.8292177e-28    -7.8292177e-28     2.5894601e-02   0            16777216
     1.0577502e-04    -9.9965115e-04     2.5747993e-03     2.5538433e-02     8.0649290e-05     3.0901048e-01     9.1093797e-31    -7.8292177e-28    -7.8292177e-28     2.9033562e-02   0            16777216
     1.3034203e-04    -9.9957432e-04     2.8524057e-03     2.8409630e-02     8.8321220e-05     3.0875972e-01     9.1093797e-31    -7.8292177e-28    -7.8292177e-28     3.2172520e-02   0            16777216
     1.5749305e-04    -9.9949085e-04     3.1297714e-03     3.1286672e-02     9.5717725e-05     3.0848148e-01     9.1093797e-31    -7.8292177e-28    -7.8292177e-28     3.5311483e-02   0            16777216
     1.8723316e-04    -9.9940074e-04     3.4068713e-03     3.4169313e-02     1.0283395e-04     3.0817547e-01     9.1093797e-31    -7.8292177e-28    -7.8292177e-28     3.8450442e-02   0            16777216
     2.1956729e-04    -9.9930447e-04     3.6836804e-03     3.7057292e-02     1.0966504e-04     3.0784157e-01     9.1093797e-31    -7.8292177e-28    -7.8292177e-28     4.1589402e-02   0            16777216
     2.5450005e-04    -9.9920225e-04     3.9601736e-03     3.9950352e-02     1.1620609e-04     3.0747950e-01     9.1093797e-31    -7.8292177e-28    -7.8292177e-28     4.4728361e-02   0            16777216
     2.9203590e-04    -9.9909422e-04     4.2363256e-03     4.2848229e-02     1.2245221e-04     3.0708906e-01     9.1093797e-31    -7.8292177e-28    -7.8292177e-28     4.7867320e-02   0            16777216
     3.3217896e-04    -9.9898083e-04     4.5121103e-03     4.5750652e-02     1.2839849e-04     3.0667010e-01     9.1093797e-31    -7.8292177e-28    -7.8292177e-28     5.1006280e-02   0            16777216
     3.7493324e-04    -9.9886220e-04     4.7875028e-03     4.8657347e-02     1.3404002e-04     3.0622235e-01     9.1093797e-31    -7.8292177e-28    -7.8292177e-28     5.4145243e-02   0            16777216
     4.2030236e-04    -9.9873869e-04     5.0624763e-03     5.1568035e-02     1.3937186e-04     3.0574566e-01     9.1093797e-31    -7.8292177e-28    -7.8292177e-28     5.7284202e-02   0            16777216
     4.6829012e-04    -9.9861063e-04     5.3370050e-03     5.4483220e-02     1.4439688e-04     3.0523965e-01     9.1093797e-31    -7.8292177e-28    -7.8292177e-28     6.0423162e-02   0            16777216
     5.1890075e-04    -9.9847815e-04     5.6110625e-03     5.7403129e-02     1.4911518e-04     3.0470401e-01     9.1093797e-31    -7.8292177e-28    -7.8292177e-28     6.3562118e-02   0            16777216
     5.7213847e-04    -9.9834159e-04     5.8846213e-03     6.0327459e-02     1.5352154e-04     3.0413854e-01     9.1093797e-31    -7.8292177e-28    -7.8292177e-28     6.6701084e-02   0            16777216
     6.2800688e-04    -9.9820131e-04     6.1576553e-03     6.3255906e-02     1.5761075e-04     3.0354300e-01     9.1093797e-31    -7.8292177e-28    -7.8292177e-28     6.9840044e-02   0            16777216
     6.8650965e-04    -9.9805754e-04     6.4301370e-03     6.6188157e-02     1.6137758e-04     3.0291712e-01     9.1093797e-31    -7.8292177e-28    -7.8292177e-28     7.2979003e-02   0            16777216
     7.4764993e-04    -9.9791051e-04     6.7020385e-03     6.9123887e-02     1.6481683e-04     3.0226073e-01     9.1093797e-31    -7.8292177e-28    -7.8292177e-28     7.6117963e-02   0            16777216
     8.1143080e-04    -9.9776057e-04     6.9733332e-03     7.2062783e-02     1.6792324e-04     3.0157354e-01     9.1093797e-31    -7.8292177e-28    -7.8292177e-28     7.9256922e-02   0            16777216
     8.7785476e-04    -9.9760806e-04     7.2439928e-03     7.5004511e-02     1.7069155e-04     3.0085540e-01     9.1093797e-31    -7.8292177e-28    -7.8292177e-28     8.2395881e-02   0            16777216
     9.4692421e-04    -9.9745323e-04     7.5139892e-03     7.7948727e-02     1.7311652e-04     3.0010608e-01     9.1093797e-31    -7.8292177e-28    -7.8292177e-28     8.5534841e-02   0            16777216
     1.0186413e-03    -9.9729653e-04     7.7832951e-03     8.0895104e-02     1.7519292e-04     2.9932529e-01     9.1093797e-31    -7.8292177e-28    -7.8292177e-28     8.8673800e-02   0            16777216
     1.0930076e-03    -9.9713798e-04     8.0518816e-03     8.3843291e-02     1.7691546e-04     2.9851291e-01     9.1093797e-31    -7.8292177e-28    -7.8292177e-28     9.1812760e-02   0            16777216
     1.1700247e-03    -9.9697825e-04     8.3197188e-03     8.6792931e-02     1.7827889e-04     2.9766867e-01     9.1093797e-31    -7.8292177e-28    -7.8292177e-28     9.4951719e-02   0            16777216
     1.2496936e-03    -9.9681737e-04     8.5867802e-03     8.9743666e-02     1.7927795e-04     2.9679239e-01     9.1093797e-31    -7.8292177e-28    -7.8292177e-28     9.8090678e-02   0            16777216
     1.3320151e-03    -9.9665590e-04     8.8530350e-03     9.2695139e-02     1.7990739e-04     2.9588386e-01     9.1093797e-31    -7.8292177e-28    -7.8292177e-28     1.0122964e-01   0            16777216
     1.4169897e-03    -9.9649397e-04     9.1184555e-03     9.5646970e-02     1.8016198e-04     2.9494289e-01     9.1093797e-31    -7.8292177e-28    -7.8292177e-28     1.0436860e-01   0            16777216
     1.5046175e-03    -9.9633215e-04     9.3830125e-03     9.8598801e-02     1.8003646e-04     2.9396927e-01     9.1093797e-31    -7.8292177e-28    -7.8292177e-28     1.0750756e-01   0            16777216
     1.5948984e-03    -9.9617057e-04     9.6466746e-03     1.0155023e-01     1.7952561e-04     2.9296279e-01     9.1093797e-31    -7.8292177e-28    -7.8292177e-28     1.1064652e-01   0            16777216
     1.6878316e-03    -9.9600968e-04     9.9094147e-03     1.0450088e-01     1.7862419e-04     2.9192331e-01     9.1093797e-31    -7.8292177e-28    -7.8292177e-28     1.1378548e-01   0            16777216
     1.7834163e-03    -9.9584984e-04     1.0171201e-02     1.0745036e-01     1.7732581e-04     2.9085061e-01     9.1093797e-31    -7.8292177e-28    -7.8292177e-28     1.1692444e-01   0            16777216
     1.8816511e-03    -9.9569140e-04     1.0432006e-02     1.1039827e-01     1.7561861e-04     2.8974450e-01     9.1093797e-31    -7.8292177e-28    -7.8292177e-28     1.2006340e-01   0            16777216
     1.9825345e-03    -9.9553459e-04     1.0691795e-02     1.1334420e-01     1.7349600e-04     2.8860483e-01     9.1093797e-31    -7.8292177e-28    -7.8292177e-28     1.2320236e-01   0            16777216
     2.0860645e-03    -9.9538011e-04     1.0950544e-02     1.1628773e-01     1.7095254e-04     2.8743142e-01     9.1093797e-31    -7.8292177e-28    -7.8292177e-28     1.2634131e-01   0            16777216
     2.1922386e-03    -9.9522807e-04     1.1208218e-02     1.1922837e-01     1.6798315e-04     2.8622413e-01     9.1093797e-31    -7.8292177e-28    -7.8292177e-28     1.2948029e-01   0            16777216
     2.3010538e-03    -9.9507906e-04     1.1464787e-02     1.2216571e-01     1.6458234e-04     2.8498280e-01     9.1093797e-31    -7.8292177e-28    -7.8292177e-28     1.3261925e-01   0            16777216
     2.4125073e-03    -9.9493319e-04     1.1720221e-02     1.2509932e-01     1.6074466e-04     2.8370729e-01     9.1093797e-31    -7.8292177e-28    -7.8292177e-28     1.3575821e-01   0            16777216
     2.5265955e-03    -9.9479104e-04     1.1974489e-02     1.2802874e-01     1.5646468e-04     2.8239742e-01     9.1093797e-31    -7.8292177e-28    -7.8292177e-28     1.3889717e-01   0            16777216
     2.6433137e-03    -9.9465309e-04     1.2227562e-02     1.3095355e-01     1.5173698e-04     2.8105307e-01     9.1093797e-31    -7.8292177e-28    -7.8292177e-28     1.4203613e-01   0            16777216
     2.7626583e-03    -9.9451956e-04     1.2479407e-02     1.3387331e-01     1.4655624e-04     2.7967408e-01     9.1093797e-31    -7.8292177e-28    -7.8292177e-28     1.4517508e-01   0            16777216
     2.8846238e-03    -9.9439092e-04     1.2729992e-02     1.3678755e-01     1.4091709e-04     2.7826035e-01     9.1093797e-31    -7.8292177e-28    -7.8292177e-28     1.4831404e-01   0            16777216
     3.0092057e-03    -9.9426764e-04     1.2979287e-02     1.3969584e-01     1.3481431e-04     2.7681175e-01     9.1093797e-31    -7.8292177e-28    -7.8292177e-28     1.5145300e-01   0            16777216
     3.1363980e-03    -9.9415018e-04     1.3227261e-02     1.4259769e-01     1.2824262e-04     2.7532810e-01     9.1093797e-31    -7.8292177e-28    -7.8292177e-28     1.5459196e-01   0            16777216
     3.2661948e-03    -9.9403888e-04     1.3473880e-02     1.4549264e-01     1.2119688e-04     2.7380934e-01     9.1093797e-31    -7.8292177e-28    -7.8292177e-28     1.5773092e-01   0            16777216
     3.3985893e-03    -9.9393411e-04     1.3719116e-02     1.4838023e-01     1.1367193e-04     2.7225536e-01     9.1093797e-31    -7.8292177e-28    -7.8292177e-28     1.6086988e-01   0            16777216
     3.5335750e-03    -9.9383644e-04     1.3962935e-02     1.5125997e-01     1.0566270e-04     2.7066600e-01     9.1093797e-31    -7.8292177e-28    -7.8292177e-28     1.6400884e-01   0            16777216
     3.6711444e-03    -9.9374622e-04     1.4205305e-02     1.5413138e-01     9.7164171e-05     2.6904124e-01     9.1093797e-31    -7.8292177e-28    -7.8292177e-28     1.6714780e-01   0            16777216
     3.8112898e-03    -9.9366379e-04     1.4446195e-02     1.5699397e-01     8.8171371e-05     2.6738095e-01     9.1093797e-31    -7.8292177e-28    -7.8292177e-28     1.7028676e-01   0            16777216
     3.9540031e-03    -9.9358987e-04     1.4685572e-02     1.5984726e-01     7.8679412e-05     2.6568502e-01     9.1093797e-31    -7.8292177e-28    -7.8292177e-28     1.7342572e-01   0            16777216
     4.0992755e-03    -9.9352479e-04     1.4923406e-02     1.6269073e-01     6.8683446e-05     2.6395342e-01     9.1093797e-31    -7.8292177e-28    -7.8292177e-28     1.7656468e-01   0            16777216
     4.2470978e-03    -9.9346892e-04     1.5159662e-02     1.6552405e-01     5.8180482e-05     2.6218593e-01     9.1093797e-31    -7.8292177e-28    -7.8292177e-28     1.7970364e-01   0            16777216
     4.3974612e-03    -9.9342270e-04     1.5394310e-02     1.6834761e-01     4.7174424e-05     2.6038197e-01     9.1093797e-31    -7.8292177e-28    -7.8292177e-28     1.8284260e-01   0            16777216
     4.5503564e-03    -9.9338684e-04     1.5627315e-02     1.7116098e-01     3.5661353e-05     2.5854129e-01     9.1093797e-31    -7.8292177e-28    -7.8292177e-28     1.8598156e-01   0            16777216
     4.7057751e-03    -9.9336146e-04     1.5858646e-02     1.7396362e-01     2.3636247e-05     2.5666386e-01     9.1093797e-31    -7.8292177e-28    -7.8292177e-28     1.8912052e-01   0            16777216
     4.8637064e-03    -9.9334726e-04     1.6088270e-02     1.7675495e-01     1.1094145e-05     2.5474963e-01     9.1093797e-31    -7.8292177e-28    -7.8292177e-28     1.9225948e-01   0            16777216
     5.0241398e-03    -9.9334458e-04     1.6316149e-02     1.7953444e-01    -1.9698257e-06     2.5279847e-01     9.1093797e-31    -7.8292177e-28    -7.8292177e-28     1.9539843e-01   0            16777216
     5.1870644e-03    -9.9335390e-04     1.6542256e-02     1.8230149e-01    -1.5561618e-05     2.5081038e-01     9.1093797e-31    -7.8292177e-28    -7.8292177e-28     1.9853739e-01   0            16777216
     5.3524692e-03    -9.9337578e-04     1.6766554e-02     1.8505557e-01    -2.9687015e-05     2.4878529e-01     9.1093797e-31    -7.8292177e-28    -7.8292177e-28     2.0167635e-01   0            16777216
     5.5203415e-03    -9.9341071e-04     1.6989013e-02     1.8779607e-01    -4.4350658e-05     2.4672316e-01     9.1093797e-31    -7.8292177e-28    -7.8292177e-28     2.0481531e-01   0            16777216
     5.6906692e-03    -9.9345902e-04     1.7209595e-02     1.9052245e-01    -5.9557107e-05     2.4462396e-01     9.1093797e-31    -7.8292177e-28    -7.8292177e-28     2.0795427e-01   0            16777216
     5.8634393e-03    -9.9352142e-04     1.7428271e-02     1.9323409e-01    -7.5310811e-05     2.4248767e-01     9.1093797e-31    -7.8292177e-28    -7.8292177e-28     2.1109323e-01   0            16777216
     6.0386378e-03    -9.9359825e-04     1.7645007e-02     1.9593039e-01    -9.1616130e-05     2.4031429e-01     9.1093797e-31    -7.8292177e-28    -7.8292177e-28     2.1423221e-01   0            16777216
     6.2162518e-03    -9.9368999e-04     1.7859766e-02     1.9861080e-01    -1.0847732e-04     2.3810381e-01     9.1093797e-31    -7.8292177e-28    -7.8292177e-28     2.1737117e-01   0            16777216
     6.3962648e-03    -9.9379721e-04     1.8072519e-02     2.0127469e-01    -1.2589850e-04     2.3585624e-01     9.1093797e-31    -7.8292177e-28    -7.8292177e-28     2.2051013e-01   0            16777216
     6.5786634e-03    -9.9392049e-04     1.8283233e-02     2.0392148e-01    -1.4388372e-04     2.3357160e-01     9.1093797e-31    -7.8292177e-28    -7.8292177e-28     2.2364908e-01   0            16777216
     6.7634303e-03    -9.9406019e-04     1.8491870e-02     2.0655052e-01    -1.6243669e-04     2.3124994e-01     9.1093797e-31    -7.8292177e-28    -7.8292177e-28     2.2678804e-01   0            16777216
     6.9505502e-03    -9.9421688e-04     1.8698400e-02     2.0916118e-01    -1.8155997e-04     2.2889136e-01     9.1093797e-31    -7.8292177e-28    -7.8292177e-28     2.2992700e-01   0            16777216
     7.1400059e-03    -9.9439104e-04     1.8902790e-02     2.1175280e-01    -2.0125693e-04     2.2649591e-01     9.1093797e-31    -7.8292177e-28    -7.8292177e-28     2.3306596e-01   0            16777216
     7.3317802e-03    -9.9458324e-04     1.9105004e-02     2.1432477e-01    -2.2153107e-04     2.2406366e-01     9.1093797e-31    -7.8292177e-28    -7.8292177e-28     2.3620492e-01   0            16777216
     7.5258547e-03    -9.9479407e-04     1.9305013e-02     2.1687649e-01    -2.4238566e-04     2.2159471e-01     9.1093797e-31    -7.8292177e-28    -7.8292177e-28     2.3934388e-01   0            16777216
     7.7222115e-03    -9.9502399e-04     1.9502781e-02     2.1940732e-01    -2.6382392e-04     2.1908912e-01     9.1093797e-31    -7.8292177e-28    -7.8292177e-28     2.4248284e-01   0            16777216
     7.9208305e-03    -9.9527347e-04     1.9698279e-02     2.2191663e-01    -2.8584892e-04     2.1654701e-01     9.1093797e-31    -7.8292177e-28    -7.8292177e-28     2.4562180e-01   0            16777216
     8.1216935e-03    -9.9554309e-04     1.9891471e-02     2.2440381e-01    -3.0846352e-04     2.1396850e-01     9.1093797e-31    -7.8292177e-28    -7.8292177e-28     2.4876076e-01   0            16777216
     8.3247777e-03    -9.9583331e-04     2.0082325e-02     2.2686821e-01    -3.3167136e-04     2.1135370e-01     9.1093797e-31    -7.8292177e-28    -7.8292177e-28     2.5189972e-01   0            16777216
     8.5300654e-03    -9.9614472e-04     2.0270806e-02     2.2930922e-01    -3.5548859e-04     2.0870276e-01     9.1093797e-31    -7.8292177e-28    -7.8292177e-28     2.5503868e-01   0            16777216
     8.7375334e-03    -9.9647790e-04     2.0456886e-02     2.3172618e-01    -3.7992292e-04     2.0601581e-01     9.1093797e-31    -7.8292177e-28    -7.8292177e-28     2.5817764e-01   0            16777216
     8.8945506e-03    -9.9674251e-04     2.0594850e-02     2.3352276e-01    -3.9865519e-04     2.0397708e-01     9.1093797e-31    -7.8292177e-28    -7.8292177e-28     2.6053187e-01   0            16777216
     9.0527739e-03    -9.9701970e-04     2.0731429e-02     2.3530518e-01    -4.1773703e-04     2.0191826e-01     9.1093797e-31    -7.8292177e-28    -7.8292177e-28     2.6288608e-01   0            16777216
     9.2121931e-03    -9.9731004e-04     2.0866612e-02     2.3707318e-01    -4.3716939e-04     1.9983944e-01     9.1093797e-31    -7.8292177e-28    -7.8292177e-28     2.6524031e-01   0            16777216
     9.3727969e-03    -9.9761365e-04     2.1000385e-02     2.3882650e-01    -4.5695316e-04     1.9774069e-01     9.1093797e-31    -7.8292177e-28    -7.8292177e-28     2.6759452e-01   0            16777216
     9.5345750e-03    -9.9793065e-04     2.1132734e-02     2.4056487e-01    -4.7708920e-04     1.9562209e-01     9.1093797e-31    -7.8292177e-28    -7.8292177e-28     2.6994875e-01   0            16777216
     9.6975192e-03    -9.9826150e-04     2.1263646e-02     2.4228801e-01    -4.9757829e-04     1.9348374e-01     9.1093797e-31    -7.8292177e-28    -7.8292177e-28     2.7230296e-01   0            16777216
     9.8616173e-03    -9.9860632e-04     2.1393107e-02     2.4399565e-01    -5.1842112e-04     1.9132574e-01     9.1093797e-31    -7.8292177e-28    -7.8292177e-28     2.7465719e-01   0            16777216
     1.0026860e-02    -9.9896523e-04     2.1521106e-02     2.4568751e-01    -5.3961761e-04     1.8914820e-01     9.1093797e-31    -7.8292177e-28    -7.8292177e-28     2.7701139e-01   0            16777216
     1.0193236e-02    -9.9933869e-04     2.1647628e-02     2.4736328e-01    -5.6116772e-04     1.8695126e-01     9.1093797e-31    -7.8292177e-28    -7.8292177e-28     2.7936563e-01   0            16777216
     1.0360735e-02    -9.9972682e-04     2.1772660e-02     2.4902271e-01    -5.8307196e-04     1.8473504e-01     9.1093797e-31    -7.8292177e-28    -7.8292177e-28     2.8171983e-01   0            16777216
     1.0529343e-02    -1.0001299e-03     2.1896189e-02     2.5066552e-01    -6.0533074e-04     1.8249965e-01     9.1093797e-31    -7.8292177e-28    -7.8292177e-28     2.8407407e-01   0            16777216
     1.0699052e-02    -1.0005480e-03     2.2018204e-02     2.5229144e-01    -6.2794442e-04     1.8024518e-01     9.1093797e-31    -7.8292177e-28    -7.8292177e-28     2.8642827e-01   0            16777216
     1.0869850e-02    -1.0009818e-03     2.2138689e-02     2.5390020e-01    -6.5091334e-04     1.7797178e-01     9.1093797e-31    -7.8292177e-28    -7.8292177e-28     2.8878251e-01   0            16777216
     1.1041725e-02    -1.0014309e-03     2.2257632e-02     2.5549152e-01    -6.7423773e-04     1.7567956e-01     9.1093797e-31    -7.8292177e-28    -7.8292177e-28     2.9113671e-01   0            16777216
     1.1214664e-02    -1.0018961e-03     2.2375025e-02     2.5706518e-01    -6.9791777e-04     1.7336865e-01     9.1093797e-31    -7.8292177e-28    -7.8292177e-28     2.9349095e-01   0            16777216
     1.1388655e-02    -1.0023774e-03     2.2490848e-02     2.5862089e-01    -7.2195358e-04     1.7103918e-01     9.1093797e-31    -7.8292177e-28    -7.8292177e-28     2.9584515e-01   0            16777216
     1.1563688e-02    -1.0028750e-03     2.2605093e-02     2.6015836e-01    -7.4634555e-04     1.6869131e-01     9.1093797e-31    -7.8292177e-28    -7.8292177e-28     2.9819939e-01   0            16777216
     1.1739749e-02    -1.0033891e-03     2.2717750e-02     2.6167735e-01    -7.7109417e-04     1.6632514e-01     9.1093797e-31    -7.8292177e-28    -7.8292177e-28     3.0055359e-01   0            16777216
     1.1916825e-02    -1.0039202e-03     2.2828801e-02     2.6317760e-01    -7.9619925e-04     1.6394085e-01     9.1093797e-31    -7.8292177e-28    -7.8292177e-28     3.0290782e-01   0            16777216
     1.2094904e-02    -1.0044685e-03     2.2938237e-02     2.6465884e-01    -8.2166062e-04     1.6153859e-01     9.1093797e-31    -7.8292177e-28    -7.8292177e-28     3.0526203e-01   0            16777216
     1.2273972e-02    -1.0050338e-03     2.3046046e-02     2.6612079e-01    -8.4747805e-04     1.5911849e-01     9.1093797e-31    -7.8292177e-28    -7.8292177e-28     3.0761626e-01   0            16777216
     1.2454018e-02    -1.0056170e-03     2.3152217e-02     2.6756319e-01    -8.7365124e-04     1.5668073e-01     9.1093797e-31    -7.8292177e-28    -7.8292177e-28     3.0997047e-01   0            16777216
     1.2635028e-02    -1.0062178e-03     2.3256734e-02     2.6898584e-01    -9.0017979e-04     1.5422547e-01     9.1093797e-31    -7.8292177e-28    -7.8292177e-28     3.1232470e-01   0            16777216
     1.2816986e-02    -1.0068367e-03     2.3359589e-02     2.7038839e-01    -9.2706317e-04     1.5175287e-01     9.1093797e-31    -7.8292177e-28    -7.8292177e-28     3.1467891e-01   0            16777216
     1.2999881e-02    -1.0074739e-03     2.3460770e-02     2.7177066e-01    -9.5430081e-04     1.4926313e-01     9.1093797e-31    -7.8292177e-28    -7.8292177e-28     3.1703314e-01   0            16777216
     1.3183699e-02    -1.0081296e-03     2.3560265e-02     2.7313229e-01    -9.8189048e-04     1.4675647e-01     9.1093797e-31    -7.8292177e-28    -7.8292177e-28     3.1938735e-01   0            16777216
     1.3368426e-02    -1.0088040e-03     2.3658063e-02     2.7447310e-01    -1.0098313e-03     1.4423309e-01     9.1093797e-31    -7.8292177e-28    -7.8292177e-28     3.2174158e-01   0            16777216
     1.3554047e-02    -1.0094974e-03     2.3754153e-02     2.7579275e-01    -1.0381223e-03     1.4169319e-01     9.1093797e-31    -7.8292177e-28    -7.8292177e-28     3.2409579e-01   0            16777216
     1.3740548e-02    -1.0102101e-03     2.3848522e-02     2.7709106e-01    -1.0667628e-03     1.3913694e-01     9.1093797e-31    -7.8292177e-28    -7.8292177e-28     3.2645002e-01   0            16777216
     1.3927914e-02    -1.0109423e-03     2.3941161e-02     2.7836776e-01    -1.0957518e-03     1.3656455e-01     9.1093797e-31    -7.8292177e-28    -7.8292177e-28     3.2880422e-01   0            16777216
     1.4116132e-02    -1.0116941e-03     2.4032060e-02     2.7962258e-01    -1.1250882e-03     1.3397622e-01     9.1093797e-31    -7.8292177e-28    -7.8292177e-28     3.3115846e-01   0            16777216
     1.4305185e-02    -1.0124659e-03     2.4121206e-02     2.8085530e-01    -1.1547708e-03     1.3137215e-01     9.1093797e-31    -7.8292177e-28    -7.8292177e-28     3.3351266e-01   0            16777216
     1.4495059e-02    -1.0132578e-03     2.4208590e-02     2.8206569e-01    -1.1847987e-03     1.2875257e-01     9.1093797e-31    -7.8292177e-28    -7.8292177e-28     3.3586690e-01   0            16777216
     1.4685739e-02    -1.0140701e-03     2.4294199e-02     2.8325349e-01    -1.2151708e-03     1.2611766e-01     9.1093797e-31    -7.8292177e-28    -7.8292177e-28     3.3822113e-01   0            16777216
     1.4877209e-02    -1.0149030e-03     2.4378028e-02     2.8441846e-01    -1.2458862e-03     1.2346765e-01     9.1093797e-31    -7.8292177e-28    -7.8292177e-28     3.4057534e-01   0            16777216
     1.5069455e-02    -1.0157569e-03     2.4460062e-02     2.8556040e-01    -1.2769434e-03     1.2080278e-01     9.1093797e-31    -7.8292177e-28    -7.8292177e-28     3.4292957e-01   0            16777216
     1.5262459e-02    -1.0166317e-03     2.4540294e-02     2.8667903e-01    -1.3083407e-03     1.1812325e-01     9.1093797e-31    -7.8292177e-28    -7.8292177e-28     3.4528378e-01   0            16777216
     1.5456208e-02    -1.0175280e-03     2.4618713e-02     2.8777415e-01    -1.3400766e-03     1.1542930e-01     9.1093797e-31    -7.8292177e-28    -7.8292177e-28     3.4763801e-01   0            16777216
     1.5650684e-02    -1.0184458e-03     2.4695311e-02     2.8884554e-01    -1.3721494e-03     1.1272118e-01     9.1093797e-31    -7.8292177e-28    -7.8292177e-28     3.4999222e-01   0            16777216
     1.5845872e-02    -1.0193853e-03     2.4770074e-02     2.8989291e-01    -1.4045576e-03     1.0999911e-01     9.1093797e-31    -7.8292177e-28    -7.8292177e-28     3.5234645e-01   0            16777216
     1.6041754e-02    -1.0203468e-03     2.4842998e-02     2.9091612e-01    -1.4372990e-03     1.0726334e-01     9.1093797e-31    -7.8292177e-28    -7.8292177e-28     3.5470065e-01   0            16777216
     1.6238317e-02    -1.0213305e-03     2.4914071e-02     2.9191488e-01    -1.4703699e-03     1.0451420e-01     9.1093797e-31    -7.8292177e-28    -7.8292177e-28     3.5705489e-01   0            16777216
     1.6435539e-02    -1.0223368e-03     2.4983285e-02     2.9288900e-01    -1.5037677e-03     1.0175196e-01     9.1093797e-31    -7.8292177e-28    -7.8292177e-28     3.5940909e-01   0            16777216
     1.6633408e-02    -1.0233657e-03     2.5050633e-02     2.9383823e-01    -1.5374903e-03     9.8976813e-02     9.1093797e-31    -7.8292177e-28    -7.8292177e-28     3.6176333e-01   0            16777216
     1.6831907e-02    -1.0244173e-03     2.5116101e-02     2.9476252e-01    -1.5715347e-03     9.6188746e-02     9.1093797e-31    -7.8292177e-28    -7.8292177e-28     3.6411753e-01   0            16777216
     1.7031016e-02    -1.0254921e-03     2.5179684e-02     2.9566160e-01    -1.6058986e-03     9.3387999e-02     9.1093797e-31    -7.8292177e-28    -7.8292177e-28     3.6647177e-01   0            16777216
     1.7230719e-02    -1.0265902e-03     2.5241377e-02     2.9653531e-01    -1.6405798e-03     9.0574846e-02     9.1093797e-31    -7.8292177e-28    -7.8292177e-28     3.6882597e-01   0            16777216
     1.7431000e-02    -1.0277119e-03     2.5301164e-02     2.9738340e-01    -1.6755760e-03     8.7749556e-02     9.1093797e-31    -7.8292177e-28    -7.8292177e-28     3.7118021e-01   0            16777216
     1.7631842e-02    -1.0288573e-03     2.5359044e-02     2.9820570e-01    -1.7108847e-03     8.4912427e-02     9.1093797e-31    -7.8292177e-28    -7.8292177e-28     3.7353441e-01   0            16777216
     1.7833227e-02    -1.0300266e-03     2.5415003e-02     2.9900196e-01    -1.7465040e-03     8.2063742e-02     9.1093797e-31    -7.8292177e-28    -7.8292177e-28     3.7588865e-01   0            16777216
     1.8035138e-02    -1.0312201e-03     2.5469040e-02     2.9977202e-01    -1.7824309e-03     7.9203792e-02     9.1093797e-31    -7.8292177e-28    -7.8292177e-28     3.7824285e-01   0            16777216
     1.8237554e-02    -1.0324380e-03     2.5521144e-02     3.0051568e-01    -1.8186631e-03     7.6332875e-02     9.1093797e-31    -7.8292177e-28    -7.8292177e-28     3.8059708e-01   0            16777216
     1.8440459e-02    -1.0336804e-03     2.5571305e-02     3.0123273e-01    -1.8551975e-03     7.3451288e-02     9.1093797e-31    -7.8292177e-28    -7.8292177e-28     3.8295129e-01   0            16777216
     1.8643837e-02    -1.0349476e-03     2.5619522e-02     3.0192298e-01    -1.8920314e-03     7.0559330e-02     9.1093797e-31    -7.8292177e-28    -7.8292177e-28     3.8530552e-01   0            16777216
     1.8847669e-02    -1.0362397e-03     2.5665782e-02     3.0258626e-01    -1.9291618e-03     6.7657322e-02     9.1093797e-31    -7.8292177e-28    -7.8292177e-28     3.8765973e-01   0            16777216
     1.9051934e-02    -1.0375569e-03     2.5710084e-02     3.0322242e-01    -1.9665856e-03     6.4745568e-02     9.1093797e-31    -7.8292177e-28    -7.8292177e-28     3.9001396e-01   0            16777216
     1.9256616e-02    -1.0388996e-03     2.5752418e-02     3.0383122e-01    -2.0042984e-03     6.1824441e-02     9.1093797e-31    -7.8292177e-28    -7.8292177e-28     3.9236817e-01   0            16777216
     1.9461695e-02    -1.0402678e-03     2.5792778e-02     3.0441251e-01    -2.0422952e-03     5.8894321e-02     9.1093797e-31    -7.8292177e-28    -7.8292177e-28     3.9472240e-01   0            16777216
     1.9667156e-02    -1.0416617e-03     2.5831159e-02     3.0496612e-01    -2.0805730e-03     5.5955533e-02     9.1093797e-31    -7.8292177e-28    -7.8292177e-28     3.9707661e-01   0            16777216
     1.9872975e-02    -1.0430815e-03     2.5867555e-02     3.0549189e-01    -2.1191281e-03     5.3008404e-02     9.1093797e-31    -7.8292177e-28    -7.8292177e-28     3.9943084e-01   0            16777216
     2.0079140e-02    -1.0445276e-03     2.5901962e-02     3.0598971e-01    -2.1579573e-03     5.0053257e-02     9.1093797e-31    -7.8292177e-28    -7.8292177e-28     4.0178505e-01   0            16777216
     2.0285623e-02    -1.0459998e-03     2.5934374e-02     3.0645937e-01    -2.1970568e-03     4.7090434e-02     9.1093797e-31    -7.8292177e-28    -7.8292177e-28     4.0413928e-01   0            16777216
     2.0492412e-02    -1.0474985e-03     2.5964782e-02     3.0690077e-01    -2.2364228e-03     4.4120263e-02     9.1093797e-31    -7.8292177e-28    -7.8292177e-28     4.0649348e-01   0            16777216
     2.0699486e-02    -1.0490239e-03     2.5993187e-02     3.0731377e-01    -2.2760520e-03     4.1143090e-02     9.1093797e-31    -7.8292177e-28    -7.8292177e-28     4.0884772e-01   0            16777216
     2.0906825e-02    -1.0505761e-03     2.6019583e-02     3.0769822e-01    -2.3159403e-03     3.8159255e-02     9.1093797e-31    -7.8292177e-28    -7.8292177e-28     4.1120192e-01   0            16777216
     2.1114411e-02    -1.0521554e-03     2.6043963e-02     3.0805400e-01    -2.3560843e-03     3.5169102e-02     9.1093797e-31    -7.8292177e-28    -7.8292177e-28     4.1355616e-01   0            16777216
     2.1322224e-02    -1.0537619e-03     2.6066324e-02     3.0838099e-01    -2.3964795e-03     3.2172982e-02     9.1093797e-31    -7.8292177e-28    -7.8292177e-28     4.1591036e-01   0            16777216
     2.1530244e-02    -1.0553957e-03     2.6086664e-02     3.0867910e-01    -2.4371217e-03     2.9171243e-02     9.1093797e-31    -7.8292177e-28    -7.8292177e-28     4.1826460e-01   0            16777216
     2.1738453e-02    -1.0570568e-03     2.6104977e-02     3.0894819e-01    -2.4780072e-03     2.6164239e-02     9.1093797e-31    -7.8292177e-28    -7.8292177e-28     4.2061880e-01   0            16777216
     2.1946829e-02    -1.0587458e-03     2.6121261e-02     3.0918816e-01    -2.5191316e-03     2.3152327e-02     9.1093797e-31    -7.8292177e-28    -7.8292177e-28     4.2297304e-01   0            16777216
     2.2155352e-02    -1.0604626e-03     2.6135514e-02     3.0939889e-01    -2.5604903e-03     2.0135866e-02     9.1093797e-31    -7.8292177e-28    -7.8292177e-28     4.2532727e-01   0            16777216
     2.2364007e-02    -1.0622073e-03     2.6147729e-02     3.0958033e-01    -2.6020769e-03     1.7115308e-02     9.1093797e-31    -7.8292177e-28    -7.8292177e-28     4.2768148e-01   0            16777216
     2.2572771e-02    -1.0639802e-03     2.6157908e-02     3.0973235e-01    -2.6438858e-03     1.4091050e-02     9.1093797e-31    -7.8292177e-28    -7.8292177e-28     4.3003571e-01   0            16777216
     2.2781624e-02    -1.0657815e-03     2.6166048e-02     3.0985492e-01    -2.6859124e-03     1.1063458e-02     9.1093797e-31    -7.8292177e-28    -7.8292177e-28     4.3238991e-01   0            16777216
     2.2990545e-02    -1.0676109e-03     2.6172142e-02     3.0994791e-01    -2.7281523e-03     8.0328993e-03     9.1093797e-31    -7.8292177e-28    -7.8292177e-28     4.3474415e-01   0            16777216
     2.3199514e-02    -1.0694691e-03     2.6176196e-02     3.1001130e-01    -2.7706008e-03     4.9997419e-03     9.1093797e-31    -7.8292177e-28    -7.8292177e-28     4.3709835e-01   0            16777216
     2.3408515e-02    -1.0713560e-03     2.6178204e-02     3.1004500e-01    -2.8132529e-03     1.9643563e-03     9.1093797e-31    -7.8292177e-28    -7.8292177e-28     4.3945259e-01   0            16777216
     2.3617525e-02    -1.0732717e-03     2.6178161e-02     3.1004900e-01    -2.8561035e-03    -1.0728856e-03     9.1093797e-31    -7.8292177e-28    -7.8292177e-28     4.4180679e-01   0            16777216
     2.3826525e-02    -1.0752163e-03     2.6176073e-02     3.1002319e-01    -2.8991483e-03    -4.1116104e-03     9.1093797e-31    -7.8292177e-28    -7.8292177e-28     4.4416103e-01   0            16777216
     2.4035491e-02    -1.0771902e-03     2.6171936e-02     3.0996755e-01    -2.9423817e-03    -7.1514435e-03     9.1093797e-31    -7.8292177e-28    -7.8292177e-28     4.4651523e-01   0            16777216
     2.4244409e-02    -1.0791932e-03     2.6165748e-02     3.0988207e-01    -2.9857988e-03    -1.0192010e-02     9.1093797e-31    -7.8292177e-28    -7.8292177e-28     4.4886947e-01   0            16777216
     2.4453256e-02    -1.0812256e-03     2.6157510e-02     3.0976668e-01    -3.0293947e-03    -1.3232931e-02     9.1093797e-31    -7.8292177e-28    -7.8292177e-28     4.5122367e-01   0            16777216
     2.4662010e-02    -1.0832874e-03     2.6147224e-02     3.0962139e-01    -3.0731638e-03    -1.6273832e-02     9.1093797e-31    -7.8292177e-28    -7.8292177e-28     4.5357791e-01   0            16777216
     2.4870655e-02    -1.0853787e-03     2.6134888e-02     3.0944616e-01    -3.1171008e-03    -1.9314330e-02     9.1093797e-31    -7.8292177e-28    -7.8292177e-28     4.5593211e-01   0            16777216
     2.5079167e-02    -1.0874999e-03     2.6120501e-02     3.0924100e-01    -3.1612008e-03    -2.2354050e-02     9.1093797e-31    -7.8292177e-28    -7.8292177e-28     4.5828635e-01   0            16777216
     2.5287526e-02    -1.0896508e-03     2.6104065e-02     3.0900586e-01    -3.2054572e-03    -2.5392588e-02     9.1093797e-31    -7.8292177e-28    -7.8292177e-28     4.6064055e-01   0            16777216
     2.5495714e-02    -1.0918315e-03     2.6085582e-02     3.0874082e-01    -3.2498627e-03    -2.8429469e-02     9.1093797e-31    -7.8292177e-28    -7.8292177e-28     4.6299478e-01   0            16777216
     2.5703710e-02    -1.0940423e-03     2.6065053e-02     3.0844584e-01    -3.2944111e-03    -3.1464297e-02     9.1093797e-31    -7.8292177e-28    -7.8292177e-28     4.6534899e-01   0            16777216
     2.5911495e-02    -1.0962832e-03     2.6042480e-02     3.0812094e-01    -3.3390969e-03    -3.4496691e-02     9.1093797e-31    -7.8292177e-28    -7.8292177e-28     4.6770322e-01   0            16777216
     2.6119044e-02    -1.0985543e-03     2.6017863e-02     3.0776617e-01    -3.3839145e-03    -3.7526276e-02     9.1093797e-31    -7.8292177e-28    -7.8292177e-28     4.7005743e-01   0            16777216
     2.6326345e-02    -1.1008556e-03     2.5991207e-02     3.0738154e-01    -3.4288582e-03    -4.0552668e-02     9.1093797e-31    -7.8292177e-28    -7.8292177e-28     4.7241166e-01   0            16777216
     2.6533371e-02    -1.1031873e-03     2.5962511e-02     3.0696708e-01    -3.4739221e-03    -4.3575492e-02     9.1093797e-31    -7.8292177e-28    -7.8292177e-28     4.7476587e-01   0            16777216
     2.6740104e-02    -1.1055495e-03     2.5931779e-02     3.0652288e-01    -3.5191006e-03    -4.6594359e-02     9.1093797e-31    -7.8292177e-28    -7.8292177e-28     4.7712010e-01   0            16777216
     2.6946524e-02    -1.1079422e-03     2.5899014e-02     3.0604890e-01    -3.5643878e-03    -4.9608897e-02     9.1093797e-31    -7.8292177e-28    -7.8292177e-28     4.7947431e-01   0            16777216
     2.7152613e-02    -1.1103654e-03     2.5864219e-02     3.0554530e-01    -3.6097774e-03    -5.2618727e-02     9.1093797e-31    -7.8292177e-28    -7.8292177e-28     4.8182854e-01   0            16777216
     2.7358346e-02    -1.1128192e-03     2.5827399e-02     3.0501205e-01    -3.6552639e-03    -5.5623472e-02     9.1093797e-31    -7.8292177e-28    -7.8292177e-28     4.8418275e-01   0            16777216
     2.7563708e-02    -1.1153037e-03     2.5788553e-02     3.0444926e-01    -3.7008410e-03    -5.8622751e-02     9.1093797e-31    -7.8292177e-28    -7.8292177e-28     4.8653698e-01   0            16777216
     2.7768679e-02    -1.1178190e-03     2.5747688e-02     3.0385703e-01    -3.7465028e-03    -6.1616194e-02     9.1093797e-31    -7.8292177e-28    -7.8292177e-28     4.8889118e-01   0            16777216
     2.7973235e-02    -1.1203652e-03     2.5704809e-02     3.0323538e-01    -3.7922433e-03    -6.4603426e-02     9.1093797e-31    -7.8292177e-28    -7.8292177e-28     4.9124542e-01   0            16777216
     2.8177360e-02    -1.1229422e-03     2.5659919e-02     3.0258444e-01    -3.8380560e-03    -6.7584068e-02     9.1093797e-31    -7.8292177e-28    -7.8292177e-28     4.9359962e-01   0            16777216
     2.8381033e-02    -1.1255501e-03     2.5613023e-02     3.0190429e-01    -3.8839343e-03    -7.0557714e-02     9.1093797e-31    -7.8292177e-28    -7.8292177e-28     4.9595386e-01   0            16777216
     2.8584234e-02    -1.1281889e-03     2.5564125e-02     3.0119509e-01    -3.9298697e-03    -7.3523909e-02     9.1093797e-31    -7.8292177e-28    -7.8292177e-28     4.9830806e-01   0            16777216
     2.8786944e-02    -1.1308588e-03     2.5513230e-02     3.0045688e-01    -3.9758557e-03    -7.6482289e-02     9.1093797e-31    -7.8292177e-28    -7.8292177e-28     5.0066227e-01   0            16777216
     2.8989146e-02    -1.1335596e-03     2.5460348e-02     2.9968983e-01    -4.0218863e-03    -7.9432473e-02     9.1093797e-31    -7.8292177e-28    -7.8292177e-28     5.0301653e-01   0            16777216
     2.9190814e-02    -1.1362915e-03     2.5405478e-02     2.9889402e-01    -4.0679546e-03    -8.2374111e-02     9.1093797e-31    -7.8292177e-28    -7.8292177e-28     5.0537074e-01   0            16777216
     2.9391935e-02    -1.1390545e-03     2.5348630e-02     2.9806963e-01    -4.1140555e-03    -8.5306831e-02     9.1093797e-31    -7.8292177e-28    -7.8292177e-28     5.0772494e-01   0            16777216
     2.9592486e-02    -1.1418486e-03     2.5289809e-02     2.9721674e-01    -4.1601821e-03    -8.8230282e-02     9.1093797e-31    -7.8292177e-28    -7.8292177e-28     5.1007921e-01   0            16777216
     2.9792450e-02    -1.1446739e-03     2.5229020e-02     2.9633552e-01    -4.2063277e-03    -9.1144100e-02     9.1093797e-31    -7.8292177e-28    -7.8292177e-28     5.1243341e-01   0            16777216
     2.9991807e-02    -1.1475302e-03     2.5166275e-02     2.9542610e-01    -4.2524864e-03    -9.4047941e-02     9.1093797e-31    -7.8292177e-28    -7.8292177e-28     5.1478761e-01   0            16777216
     3.0190539e-02    -1.1504175e-03     2.5101574e-02     2.9448864e-01    -4.2986511e-03    -9.6941441e-02     9.1093797e-31    -7.8292177e-28    -7.8292177e-28     5.1714182e-01   0            16777216
     3.0388625e-02    -1.1533361e-03     2.5034929e-02     2.9352328e-01    -4.3448159e-03    -9.9824265e-02     9.1093797e-31    -7.8292177e-28    -7.8292177e-28     5.1949608e-01   0            16777216
     3.0586049e-02    -1.1562858e-03     2.4966344e-02     2.9253021e-01    -4.3909745e-03    -1.0269607e-01     9.1093797e-31    -7.8292177e-28    -7.8292177e-28     5.2185029e-01   0            16777216
     3.0782793e-02    -1.1592666e-03     2.4895828e-02     2.9150945e-01    -4.4371206e-03    -1.0555682e-01     9.1093797e-31    -7.8292177e-28    -7.8292177e-28     5.2420449e-01   0            16777216
     3.0978834e-02    -1.1622783e-03     2.4823390e-02     2.9046112e-01    -4.4832486e-03    -1.0840628e-01     9.1093797e-31    -7.8292177e-28    -7.8292177e-28     5.2655870e-01   0            16777216
     3.1174155e-02    -1.1653213e-03     2.4749035e-02     2.8938541e-01    -4.5293514e-03    -1.1124412e-01     9.1093797e-31    -7.8292177e-28    -7.8292177e-28     5.2891296e-01   0            16777216
     3.1368740e-02    -1.1683954e-03     2.4672773e-02     2.8828248e-01    -4.5754234e-03    -1.1407001e-01     9.1093797e-31    -7.8292177e-28    -7.8292177e-28     5.3126717e-01   0            16777216
     3.1562570e-02    -1.1715004e-03     2.4594611e-02     2.8715247e-01    -4.6214568e-03    -1.1688361e-01     9.1093797e-31    -7.8292177e-28    -7.8292177e-28     5.3362137e-01   0            16777216
     3.1755626e-02    -1.1746364e-03     2.4514558e-02     2.8599566e-01    -4.6674437e-03    -1.1968450e-01     9.1093797e-31    -7.8292177e-28    -7.8292177e-28     5.3597558e-01   0            16777216
     3.1947888e-02    -1.1778036e-03     2.4432624e-02     2.8481221e-01    -4.7133770e-03    -1.2247235e-01     9.1093797e-31    -7.8292177e-28    -7.8292177e-28     5.3832984e-01   0            16777216
     3.2139346e-02    -1.1810014e-03     2.4348816e-02     2.8360230e-01    -4.7592497e-03    -1.2524685e-01     9.1093797e-31    -7.8292177e-28    -7.8292177e-28     5.4068404e-01   0            16777216
     3.2329969e-02    -1.1842304e-03     2.4263144e-02     2.8236613e-01    -4.8050559e-03    -1.2800768e-01     9.1093797e-31    -7.8292177e-28    -7.8292177e-28     5.4303825e-01   0            16777216
     3.2519754e-02    -1.1874902e-03     2.4175616e-02     2.8110391e-01    -4.8507894e-03    -1.3075455e-01     9.1093797e-31    -7.8292177e-28    -7.8292177e-28     5.4539245e-01   0            16777216
     3.2708675e-02    -1.1907805e-03     2.4086244e-02     2.7981582e-01    -4.8964438e-03    -1.3348714e-01     9.1093797e-31    -7.8292177e-28    -7.8292177e-28     5.4774672e-01   0            16777216
     3.2896712e-02    -1.1941019e-03     2.3995036e-02     2.7850208e-01    -4.9420125e-03    -1.3620517e-01     9.1093797e-31    -7.8292177e-28    -7.8292177e-28     5.5010092e-01   0            16777216
     3.3083852e-02    -1.1974538e-03     2.3902001e-02     2.7716294e-01    -4.9874894e-03    -1.3890833e-01     9.1093797e-31    -7.8292177e-28    -7.8292177e-28     5.5245513e-01   0            16777216
     3.3270083e-02    -1.2008364e-03     2.3807153e-02     2.7579853e-01    -5.0328681e-03    -1.4159632e-01     9.1093797e-31    -7.8292177e-28    -7.8292177e-28     5.5480933e-01   0            16777216
     3.3455376e-02    -1.2042494e-03     2.3710499e-02     2.7440917e-01    -5.0781420e-03    -1.4426887e-01     9.1093797e-31    -7.8292177e-28    -7.8292177e-28     5.5716360e-01   0            16777216
     3.3639725e-02    -1.2076930e-03     2.3612050e-02     2.7299502e-01    -5.1233047e-03    -1.4692570e-01     9.1093797e-31    -7.8292177e-28    -7.8292177e-28     5.5951780e-01   0            16777216
     3.3823114e-02    -1.2111670e-03     2.3511818e-02     2.7155632e-01    -5.1683504e-03    -1.4956650e-01     9.1093797e-31    -7.8292177e-28    -7.8292177e-28     5.6187201e-01   0            16777216
     3.4005519e-02    -1.2146712e-03     2.3409812e-02     2.7009332e-01    -5.2132718e-03    -1.5219103e-01     9.1093797e-31    -7.8292177e-28    -7.8292177e-28     5.6422621e-01   0            16777216
     3.4186926e-02    -1.2182058e-03     2.3306044e-02     2.6860622e-01    -5.2580638e-03    -1.5479900e-01     9.1093797e-31    -7.8292177e-28    -7.8292177e-28     5.6658047e-01   0            16777216
     3.4367319e-02    -1.2217703e-03     2.3200527e-02     2.6709533e-01    -5.3027193e-03    -1.5739013e-01     9.1093797e-31    -7.8292177e-28    -7.8292177e-28     5.6893468e-01   0            16777216
     3.4546681e-02    -1.2253650e-03     2.3093270e-02     2.6556084e-01    -5.3472328e-03    -1.5996419e-01     9.1093797e-31    -7.8292177e-28    -7.8292177e-28     5.7128888e-01   0            16777216
     3.4725003e-02    -1.2289897e-03     2.2984285e-02     2.6400298e-01    -5.3915973e-03    -1.6252089e-01     9.1093797e-31    -7.8292177e-28    -7.8292177e-28     5.7364309e-01   0            16777216
     3.4902260e-02    -1.2326441e-03     2.2873586e-02     2.6242206e-01    -5.4358081e-03    -1.6505997e-01     9.1093797e-31    -7.8292177e-28    -7.8292177e-28     5.7599735e-01   0            16777216
     3.5078447e-02    -1.2363282e-03     2.2761183e-02     2.6081836e-01    -5.4798559e-03    -1.6758116e-01     9.1093797e-31    -7.8292177e-28    -7.8292177e-28     5.7835156e-01   0            16777216
     3.5253540e-02    -1.2400420e-03     2.2647087e-02     2.5919214e-01    -5.5237347e-03    -1.7008412e-01     9.1093797e-31    -7.8292177e-28    -7.8292177e-28     5.8070576e-01   0            16777216
     3.5427522e-02    -1.2437854e-03     2.2531312e-02     2.5754368e-01    -5.5674380e-03    -1.7256865e-01     9.1093797e-31    -7.8292177e-28    -7.8292177e-28     5.8305997e-01   0            16777216
     3.5600390e-02    -1.2475579e-03     2.2413872e-02     2.5587326e-01    -5.6109596e-03    -1.7503449e-01     9.1093797e-31    -7.8292177e-28    -7.8292177e-28     5.8541423e-01   0            16777216
     3.5772115e-02    -1.2513599e-03     2.2294778e-02     2.5418115e-01    -5.6542940e-03    -1.7748144e-01     9.1093797e-31    -7.8292177e-28    -7.8292177e-28     5.8776844e-01   0            16777216
     3.5942696e-02    -1.2551909e-03     2.2174044e-02     2.5246760e-01    -5.6974352e-03    -1.7990926e-01     9.1093797e-31    -7.8292177e-28    -7.8292177e-28     5.9012264e-01   0            16777216
     3.6112107e-02    -1.2590510e-03     2.2051681e-02     2.5073290e-01    -5.7403781e-03    -1.8231772e-01     9.1093797e-31    -7.8292177e-28    -7.8292177e-28     5.9247690e-01   0            16777216
     3.6280345e-02    -1.2629399e-03     2.1927701e-02     2.4897733e-01    -5.7831160e-03    -1.8470660e-01     9.1093797e-31    -7.8292177e-28    -7.8292177e-28     5.9483111e-01   0            16777216
     3.6447391e-02    -1.2668575e-03     2.1802124e-02     2.4720117e-01    -5.8256434e-03    -1.8707572e-01     9.1093797e-31    -7.8292177e-28    -7.8292177e-28     5.9718531e-01   0            16777216
     3.6613222e-02    -1.2708036e-03     2.1674955e-02     2.4540472e-01    -5.8679553e-03    -1.8942484e-01     9.1093797e-31    -7.8292177e-28    -7.8292177e-28     5.9953952e-01   0            16777216
     3.6777843e-02    -1.2747783e-03     2.1546213e-02     2.4358825e-01    -5.9100455e-03    -1.9175379e-01     9.1093797e-31    -7.8292177e-28    -7.8292177e-28     6.0189378e-01   0            16777216
     3.6941223e-02    -1.2787811e-03     2.1415910e-02     2.4175207e-01    -5.9519080e-03    -1.9406235e-01     9.1093797e-31    -7.8292177e-28    -7.8292177e-28     6.0424799e-01   0            16777216
     3.7103359e-02    -1.2828122e-03     2.1284061e-02     2.3989645e-01    -5.9935376e-03    -1.9635034e-01     9.1093797e-31    -7.8292177e-28    -7.8292177e-28     6.0660219e-01   0            16777216
     3.7264235e-02    -1.2868711e-03     2.1150678e-02     2.3802169e-01    -6.0349288e-03    -1.9861758e-01     9.1093797e-31    -7.8292177e-28    -7.8292177e-28     6.0895640e-01   0            16777216
     3.7423838e-02    -1.2909579e-03     2.1015774e-02     2.3612808e-01    -6.0760761e-03    -2.0086387e-01     9.1093797e-31    -7.8292177e-28    -7.8292177e-28     6.1131066e-01   0            16777216
     3.7582159e-02    -1.2950723e-03     2.0879369e-02     2.3421593e-01    -6.1169746e-03    -2.0308904e-01     9.1093797e-31    -7.8292177e-28    -7.8292177e-28     6.1366487e-01   0            16777216
     3.7739180e-02    -1.2992141e-03     2.0741472e-02     2.3228554e-01    -6.1576189e-03    -2.0529294e-01     9.1093797e-31    -7.8292177e-28    -7.8292177e-28     6.1601907e-01   0            16777216
     3.7894893e-02    -1.3033831e-03     2.0602098e-02     2.3033722e-01    -6.1980034e-03    -2.0747539e-01     9.1093797e-31    -7.8292177e-28    -7.8292177e-28     6.1837327e-01   0            16777216
     3.8049284e-02    -1.3075795e-03     2.0461263e-02     2.2837125e-01    -6.2381234e-03    -2.0963623e-01     9.1093797e-31    -7.8292177e-28    -7.8292177e-28     6.2072754e-01   0            16777216
     3.8202342e-02    -1.3118025e-03     2.0318981e-02     2.2638795e-01    -6.2779738e-03    -2.1177529e-01     9.1093797e-31    -7.8292177e-28    -7.8292177e-28     6.2308174e-01   0            16777216
     3.8354054e-02    -1.3160524e-03     2.0175269e-02     2.2438762e-01    -6.3175494e-03    -2.1389243e-01     9.1093797e-31    -7.8292177e-28    -7.8292177e-28     6.2543595e-01   0            16777216
     3.8504414e-02    -1.3203289e-03     2.0030137e-02     2.2237062e-01    -6.3568442e-03    -2.1598746e-01     9.1093797e-31    -7.8292177e-28    -7.8292177e-28     6.2779015e-01   0            16777216
     3.8653407e-02    -1.3246316e-03     1.9883603e-02     2.2033730e-01    -6.3958555e-03    -2.1806021e-01     9.1093797e-31    -7.8292177e-28    -7.8292177e-28     6.3014442e-01   0            16777216
     3.8801014e-02    -1.3289606e-03     1.9735685e-02     2.1828794e-01    -6.4345906e-03    -2.2011055e-01     9.1093797e-31    -7.8292177e-28    -7.8292177e-28     6.3249862e-01   0            16777216
     3.8947240e-02    -1.3333155e-03     1.9586390e-02     2.1622287e-01    -6.4730463e-03    -2.2213836e-01     9.1093797e-31    -7.8292177e-28    -7.8292177e-28     6.3485283e-01   0            16777216
     3.9092064e-02    -1.3376963e-03     1.9435743e-02     2.1414241e-01    -6.5112174e-03    -2.2414352e-01     9.1093797e-31    -7.8292177e-28    -7.8292177e-28     6.3720703e-01   0            16777216
     3.9235484e-02    -1.3421027e-03     1.9283751e-02     2.1204685e-01    -6.5490995e-03    -2.2612591e-01     9.1093797e-31    -7.8292177e-28    -7.8292177e-28     6.3956130e-01   0            16777216
     3.9377477e-02    -1.3465345e-03     1.9130433e-02     2.0993653e-01    -6.5866886e-03    -2.2808541e-01     9.1093797e-31    -7.8292177e-28    -7.8292177e-28     6.4191550e-01   0            16777216
     3.9518047e-02    -1.3509914e-03     1.8975805e-02     2.0781174e-01    -6.6239801e-03    -2.3002192e-01     9.1093797e-31    -7.8292177e-28    -7.8292177e-28     6.4426970e-01   0            16777216
     3.9657176e-02    -1.3554734e-03     1.8819883e-02     2.0567283e-01    -6.6609695e-03    -2.3193534e-01     9.1093797e-31    -7.8292177e-28    -7.8292177e-28     6.4662391e-01   0            16777216
     3.9794855e-02    -1.3599802e-03     1.8662682e-02     2.0352009e-01    -6.6976524e-03    -2.3382558e-01     9.1093797e-31    -7.8292177e-28    -7.8292177e-28     6.4897817e-01   0            16777216
     3.9931078e-02    -1.3645116e-03     1.8504215e-02     2.0135385e-01    -6.7340247e-03    -2.3569253e-01     9.1093797e-31    -7.8292177e-28    -7.8292177e-28     6.5133238e-01   0            16777216
     4.0065836e-02    -1.3690672e-03     1.8344503e-02     1.9917440e-01    -6.7700827e-03    -2.3753612e-01     9.1093797e-31    -7.8292177e-28    -7.8292177e-28     6.5368658e-01   0            16777216
     4.0199116e-02    -1.3736471e-03     1.8183557e-02     1.9698210e-01    -6.8058218e-03    -2.3935625e-01     9.1093797e-31    -7.8292177e-28    -7.8292177e-28     6.5604079e-01   0            16777216
     4.0330917e-02    -1.3782510e-03     1.8021394e-02     1.9477724e-01    -6.8412381e-03    -2.4115288e-01     9.1093797e-31    -7.8292177e-28    -7.8292177e-28     6.5839505e-01   0            16777216
     4.0461227e-02    -1.3828786e-03     1.7858028e-02     1.9256014e-01    -6.8763276e-03    -2.4292590e-01     9.1093797e-31    -7.8292177e-28    -7.8292177e-28     6.6074926e-01   0            16777216
     4.0590033e-02    -1.3875297e-03     1.7693482e-02     1.9033112e-01    -6.9110864e-03    -2.4467526e-01     9.1093797e-31    -7.8292177e-28    -7.8292177e-28     6.6310346e-01   0            16777216
     4.0717330e-02    -1.3922040e-03     1.7527767e-02     1.8809050e-01    -6.9455109e-03    -2.4640091e-01     9.1093797e-31    -7.8292177e-28    -7.8292177e-28     6.6545767e-01   0            16777216
     4.0843114e-02    -1.3969014e-03     1.7360898e-02     1.8583858e-01    -6.9795973e-03    -2.4810278e-01     9.1093797e-31    -7.8292177e-28    -7.8292177e-28     6.6781193e-01   0            16777216
     4.0967375e-02    -1.4016217e-03     1.7192891e-02     1.8357570e-01    -7.0133423e-03    -2.4978082e-01     9.1093797e-31    -7.8292177e-28    -7.8292177e-28     6.7016613e-01   0            16777216
     4.1090105e-02    -1.4063645e-03     1.7023766e-02     1.8130217e-01    -7.0467424e-03    -2.5143498e-01     9.1093797e-31    -7.8292177e-28    -7.8292177e-28     6.7252034e-01   0            16777216
     4.1211300e-02    -1.4111298e-03     1.6853536e-02     1.7901830e-01    -7.0797941e-03    -2.5306523e-01     9.1093797e-31    -7.8292177e-28    -7.8292177e-28     6.7487460e-01   0            16777216
     4.1330945e-02    -1.4159171e-03     1.6682217e-02     1.7672440e-01    -7.1124937e-03    -2.5467151e-01     9.1093797e-31    -7.8292177e-28    -7.8292177e-28     6.7722881e-01   0            16777216
     4.1449040e-02    -1.4207263e-03     1.6509827e-02     1.7442079e-01    -7.1448386e-03    -2.5625384e-01     9.1093797e-31    -7.8292177e-28    -7.8292177e-28     6.7958301e-01   0            16777216
     4.1565586e-02    -1.4255571e-03     1.6336381e-02     1.7210779e-01    -7.1768248e-03    -2.5781211e-01     9.1093797e-31    -7.8292177e-28    -7.8292177e-28     6.8193722e-01   0            16777216
     4.1680563e-02    -1.4304094e-03     1.6161894e-02     1.6978575e-01    -7.2084488e-03    -2.5934634e-01     9.1093797e-31    -7.8292177e-28    -7.8292177e-28     6.8429148e-01   0            16777216
     4.1793969e-02    -1.4352828e-03     1.5986385e-02     1.6745499e-01    -7.2397073e-03    -2.6085648e-01     9.1093797e-31    -7.8292177e-28    -7.8292177e-28     6.8664569e-01   0            16777216
     4.1905802e-02    -1.4401771e-03     1.5809869e-02     1.6511582e-01    -7.2705979e-03    -2.6234251e-01     9.1093797e-31    -7.8292177e-28    -7.8292177e-28     6.8899989e-01   0            16777216
     4.2016055e-02    -1.4450920e-03     1.5632361e-02     1.6276854e-01    -7.3011178e-03    -2.6380444e-01     9.1093797e-31    -7.8292177e-28    -7.8292177e-28     6.9135410e-01   0            16777216
     4.2124722e-02    -1.4500275e-03     1.5453878e-02     1.6041346e-01    -7.3312637e-03    -2.6524225e-01     9.1093797e-31    -7.8292177e-28    -7.8292177e-28     6.9370836e-01   0            16777216
     4.2231798e-02    -1.4549829e-03     1.5274438e-02     1.5805089e-01    -7.3610335e-03    -2.6665598e-01     9.1093797e-31    -7.8292177e-28    -7.8292177e-28     6.9606256e-01   0            16777216
     4.2337280e-02    -1.4599584e-03     1.5094055e-02     1.5568115e-01    -7.3904241e-03    -2.6804560e-01     9.1093797e-31    -7.8292177e-28    -7.8292177e-28     6.9841677e-01   0            16777216
     4.2441156e-02    -1.4649534e-03     1.4912746e-02     1.5330446e-01    -7.4194344e-03    -2.6941118e-01     9.1093797e-31    -7.8292177e-28    -7.8292177e-28     7.0077097e-01   0            16777216
     4.2543434e-02    -1.4699678e-03     1.4730528e-02     1.5092054e-01    -7.4480628e-03    -2.7075303e-01     9.1093797e-31    -7.8292177e-28    -7.8292177e-28     7.0312524e-01   0            16777216
     4.2644095e-02    -1.4750015e-03     1.4547414e-02     1.4852944e-01    -7.4763079e-03    -2.7207130e-01     9.1093797e-31    -7.8292177e-28    -7.8292177e-28     7.0547944e-01   0            16777216
     4.2743143e-02    -1.4800539e-03     1.4363424e-02     1.4613146e-01    -7.5041675e-03    -2.7336600e-01     9.1093797e-31    -7.8292177e-28    -7.8292177e-28     7.0783365e-01   0            16777216
     4.2840574e-02    -1.4851249e-03     1.4178571e-02     1.4372687e-01    -7.5316397e-03    -2.7463710e-01     9.1093797e-31    -7.8292177e-28    -7.8292177e-28     7.1018785e-01   0            16777216
     4.2936381e-02    -1.4902143e-03     1.3992872e-02     1.4131597e-01    -7.5587220e-03    -2.7588466e-01     9.1093797e-31    -7.8292177e-28    -7.8292177e-28     7.1254212e-01   0            16777216
     4.3030556e-02    -1.4953217e-03     1.3806343e-02     1.3889900e-01    -7.5854124e-03    -2.7710867e-01     9.1093797e-31    -7.8292177e-28    -7.8292177e-28     7.1489632e-01   0            16777216
     4.3153588e-02    -1.5021594e-03     1.3556372e-02     1.3566744e-01    -7.6203858e-03    -2.7870408e-01     9.1093797e-31    -7.8292177e-28    -7.8292177e-28     7.1803528e-01   0            16777216
     4.3273710e-02    -1.5090280e-03     1.3304992e-02     1.3242629e-01    -7.6546548e-03    -2.8025767e-01     9.1093797e-31    -7.8292177e-28    -7.8292177e-28     7.2117424e-01   0            16777216
     4.3390911e-02    -1.5159271e-03     1.3052237e-02     1.2917615e-01    -7.6882145e-03    -2.8176957e-01     9.1093797e-31    -7.8292177e-28    -7.8292177e-28     7.2431320e-01   0            16777216
     4.3505188e-02    -1.5228559e-03     1.2798148e-02     1.2591770e-01    -7.7210614e-03    -2.8323984e-01     9.1093797e-31    -7.8292177e-28    -7.8292177e-28     7.2745216e-01   0            16777216
     4.3616530e-02    -1.5298140e-03     1.2542760e-02     1.2265155e-01    -7.7531915e-03    -2.8466853e-01     9.1093797e-31    -7.8292177e-28    -7.8292177e-28     7.3059112e-01   0            16777216
     4.3724936e-02    -1.5368003e-03     1.2286112e-02     1.1937833e-01    -7.7846013e-03    -2.8605577e-01     9.1093797e-31    -7.8292177e-28    -7.8292177e-28     7.3373008e-01   0            16777216
     4.3830395e-02    -1.5438147e-03     1.2028240e-02     1.1609867e-01    -7.8152884e-03    -2.8740165e-01     9.1093797e-31    -7.8292177e-28    -7.8292177e-28     7.3686904e-01   0            16777216
     4.3932896e-02    -1.5508560e-03     1.1769181e-02     1.1281319e-01    -7.8452490e-03    -2.8870627e-01     9.1093797e-31    -7.8292177e-28    -7.8292177e-28     7.4000800e-01   0            16777216
     4.4032451e-02    -1.5579240e-03     1.1508972e-02     1.0952250e-01    -7.8744814e-03    -2.8996983e-01     9.1093797e-31    -7.8292177e-28    -7.8292177e-28     7.4314696e-01   0            16777216
     4.4129036e-02    -1.5650177e-03     1.1247652e-02     1.0622720e-01    -7.9029826e-03    -2.9119238e-01     9.1093797e-31    -7.8292177e-28    -7.8292177e-28     7.4628592e-01   0            16777216
     4.4222668e-02    -1.5721369e-03     1.0985255e-02     1.0292790e-01    -7.9307510e-03    -2.9237413e-01     9.1093797e-31    -7.8292177e-28    -7.8292177e-28     7.4942487e-01   0            16777216
     4.4313326e-02    -1.5792805e-03     1.0721819e-02     9.9625185e-02    -7.9577845e-03    -2.9351521e-01     9.1093797e-31    -7.8292177e-28    -7.8292177e-28     7.5256383e-01   0            16777216
     4.4401016e-02    -1.5864479e-03     1.0457380e-02     9.6319631e-02    -7.9840822e-03    -2.9461581e-01     9.1093797e-31    -7.8292177e-28    -7.8292177e-28     7.5570279e-01   0            16777216
     4.4485729e-02    -1.5936384e-03     1.0191974e-02     9.3011849e-02    -8.0096414e-03    -2.9567605e-01     9.1093797e-31    -7.8292177e-28    -7.8292177e-28     7.5884175e-01   0            16777216
     4.4567473e-02    -1.6008518e-03     9.9256383e-03     8.9702435e-02    -8.0344621e-03    -2.9669616e-01     9.1093797e-31    -7.8292177e-28    -7.8292177e-28     7.6198071e-01   0            16777216
     4.4646237e-02    -1.6080869e-03     9.6584084e-03     8.6391956e-02    -8.0585526e-03    -2.9767630e-01     9.1093797e-31    -7.8292177e-28    -7.8292177e-28     7.6511967e-01   0            16777216
     4.4722028e-02    -1.6153433e-03     9.3903197e-03     8.3080962e-02    -8.0819177e-03    -2.9861668e-01     9.1093797e-31    -7.8292177e-28    -7.8292177e-28     7.6825863e-01   0            16777216
     4.4794843e-02    -1.6226203e-03     9.1214068e-03     7.9770006e-02    -8.1045553e-03    -2.9951751e-01     9.1093797e-31    -7.8292177e-28    -7.8292177e-28     7.7139759e-01   0            16777216
     4.4813089e-02    -1.6244955e-03     9.0521043e-03     7.8114711e-02    -8.1156017e-03    -2.9995319e-01     9.1093797e-31    -7.8292177e-28    -7.8292177e-28     7.7220505e-01   0            16777216
     0.0000000e+00     0.0000000e+00     0.0000000e+00     0.0000000e+00     0.0000000e+00     3.1006399e-01     9.1093797e-31    -7.8292177e-28    -7.8292177e-28    -7.8292179e-04   1            16777216
     0.0000000e+00     0.0000000e+00     0.0000000e+00     0.0000000e+00     0.0000000e+00     3.1006399e-01     9.1093797e-31    -7.8292177e-28    -7.8292177e-28     0.0000000e+00   1            16777216
     1.5768884e-06     3.0242370e-10     3.4819852e-04     2.8080335e-03     5.3660995e-07     3.1005129e-01     9.1093797e-31    -7.8292177e-28    -7.8292177e-28     3.9218818e-03   1            16777216
     5.6821546e-06     1.0792974e-09     6.2685966e-04     5.6239725e-03     1.0591805e-06     3.1001300e-01     9.1093797e-31    -7.8292177e-28    -7.8292177e-28     7.0608417e-03   1            16777216
     1.2322784e-05     2.3178404e-09     9.0547185e-04     8.4476061e-03     1.5674233e-06     3.0994889e-01     9.1093797e-31    -7.8292177e-28    -7.8292177e-28     1.0199802e-02   1            16777216
     2.1505575e-05     4.0050119e-09     1.1840119e-03     1.1278718e-02     2.0610487e-06     3.0985880e-01     9.1093797e-31    -7.8292177e-28    -7.8292177e-28     1.3338761e-02   1            16777216
     3.3237124e-05     6.1275092e-09     1.4624562e-03     1.4117088e-02     2.5397649e-06     3.0974245e-01     9.1093797e-31    -7.8292177e-28    -7.8292177e-28     1.6477721e-02   1            16777216
     4.7523827e-05     8.6717691e-09     1.7407810e-03     1.6962493e-02     3.0032791e-06     3.0959967e-01     9.1093797e-31    -7.8292177e-28    -7.8292177e-28     1.9616682e-02   1            16777216
     6.4371881e-05     1.1623960e-08     2.0189628e-03     1.9814704e-02     3.4512968e-06     3.0943021e-01     9.1093797e-31    -7.8292177e-28    -7.8292177e-28     2.2755641e-02   1            16777216
     8.3787272e-05     1.4969988e-08     2.2969770e-03     2.2673488e-02     3.8835224e-06     3.0923387e-01     9.1093797e-31    -7.8292177e-28    -7.8292177e-28     2.5894601e-02   1            16777216

#
# FILE TRUNCATED
#
# Included in repository to show CST's ASCII output format.
# Original file size = 148 MB
#
